"","Ensbl","chr","DMRstart","DMRend","chrom","gene_start","gene_end","distance_relhg38","label","hgnc_symbol","entrezgene","description","chromosome_name","start_position","end_position"
"1","ENSG00000002746","chr7",43441390,43442375,"chr7",43112599,43566001,0,"DMR Genes","HECW1",23072,"HECT, C2 and WW domain containing E3 ubiquitin protein ligase 1 [Source:HGNC Symbol;Acc:HGNC:22195]","7",43112599,43566001
"2","ENSG00000003249","chr16",90016783,90017799,"chr16",90004865,90020128,0,"DMR Genes","DBNDD1",79007,"dysbindin domain containing 1 [Source:HGNC Symbol;Acc:HGNC:28455]","16",90004865,90020128
"3","ENSG00000004809","chr6",110475610,110476676,"chr6",110424687,110476641,0,"DMR Genes","SLC22A16",85413,"solute carrier family 22 member 16 [Source:HGNC Symbol;Acc:HGNC:20302]","6",110424687,110476641
"4","ENSG00000004975","chr17",7224439,7225923,"chr17",7225341,7234545,0,"DMR Genes","DVL2",1856,"dishevelled segment polarity protein 2 [Source:HGNC Symbol;Acc:HGNC:3086]","17",7225341,7234545
"5","ENSG00000005381","chr17",58273569,58274585,"chr17",58269856,58280935,0,"DMR Genes","MPO",4353,"myeloperoxidase [Source:HGNC Symbol;Acc:HGNC:7218]","17",58269856,58280935
"6","ENSG00000005381","chr17",58278413,58279161,"chr17",58269856,58280935,0,"DMR Genes","MPO",4353,"myeloperoxidase [Source:HGNC Symbol;Acc:HGNC:7218]","17",58269856,58280935
"7","ENSG00000007237","chr17",10044075,10045314,"chr17",9910609,10198551,0,"DMR Genes","GAS7",8522,"growth arrest specific 7 [Source:HGNC Symbol;Acc:HGNC:4169]","17",9910609,10198551
"8","ENSG00000008853","chr8",23011508,23013185,"chr8",22987417,23020199,0,"DMR Genes","RHOBTB2",23221,"Rho related BTB domain containing 2 [Source:HGNC Symbol;Acc:HGNC:18756]","8",22987417,23020199
"9","ENSG00000021645","chr14",78854132,78854867,"chr14",78170373,79868290,0,"DMR Genes","NRXN3",9369,"neurexin 3 [Source:HGNC Symbol;Acc:HGNC:8010]","14",78170373,79868290
"10","ENSG00000024422","chr19",47713925,47714227,"chr19",47713343,47743134,0,"DMR Genes","EHD2",30846,"EH domain containing 2 [Source:HGNC Symbol;Acc:HGNC:3243]","19",47713343,47743134
"11","ENSG00000050165","chr11",11995742,11997173,"chr11",11963106,12009769,0,"DMR Genes","DKK3",27122,"dickkopf WNT signaling pathway inhibitor 3 [Source:HGNC Symbol;Acc:HGNC:2893]","11",11963106,12009769
"12","ENSG00000051825","chr12",123227799,123229006,"chr12",123152320,123244014,0,"DMR Genes","MPHOSPH9",10198,"M-phase phosphoprotein 9 [Source:HGNC Symbol;Acc:HGNC:7215]","12",123152320,123244014
"13","ENSG00000053108","chr5",133220389,133220958,"chr5",133196455,133612564,0,"DMR Genes","FSTL4",23105,"follistatin like 4 [Source:HGNC Symbol;Acc:HGNC:21389]","5",133196455,133612564
"14","ENSG00000053918","chr11",2510792,2511865,"chr11",2444684,2849109,0,"DMR Genes","KCNQ1",3784,"potassium voltage-gated channel subfamily Q member 1 [Source:HGNC Symbol;Acc:HGNC:6294]","11",2444684,2849110
"15","ENSG00000054793","chr20",51611239,51611312,"chr20",51596514,51768634,0,"DMR Genes","ATP9A",10079,"ATPase phospholipid transporting 9A (putative) [Source:HGNC Symbol;Acc:HGNC:13540]","20",51596514,51768634
"16","ENSG00000061938","chr3",195868597,195868990,"chr3",195863364,195911945,0,"DMR Genes","TNK2",10188,"tyrosine kinase non receptor 2 [Source:HGNC Symbol;Acc:HGNC:19297]","3",195863364,195911945
"17","ENSG00000063244","chr19",55657582,55657956,"chr19",55654146,55674715,0,"DMR Genes","U2AF2",11338,"U2 small nuclear RNA auxiliary factor 2 [Source:HGNC Symbol;Acc:HGNC:23156]","19",55654146,55674715
"18","ENSG00000065413","chr2",197158173,197158829,"chr2",196967017,197311173,0,"DMR Genes","ANKRD44",91526,"ankyrin repeat domain 44 [Source:HGNC Symbol;Acc:HGNC:25259]","2",196967017,197311173
"19","ENSG00000065882","chr4",37885312,37885647,"chr4",37891087,38139175,5441,"DMR Genes","TBC1D1",23216,"TBC1 domain family member 1 [Source:HGNC Symbol;Acc:HGNC:11578]","4",37891087,38139175
"20","ENSG00000066382","chr11",30407077,30408132,"chr11",30384493,30586872,0,"DMR Genes","MPPED2",744,"metallophosphoesterase domain containing 2 [Source:HGNC Symbol;Acc:HGNC:1180]","11",30384493,30586872
"21","ENSG00000066735","chr14",104170092,104170596,"chr14",104138723,104180894,0,"DMR Genes","KIF26A",26153,"kinesin family member 26A [Source:HGNC Symbol;Acc:HGNC:20226]","14",104138723,104180894
"22","ENSG00000066933","chr15",71826503,71826980,"chr15",71822289,72118577,0,"DMR Genes","MYO9A",4649,"myosin IXA [Source:HGNC Symbol;Acc:HGNC:7608]","15",71822289,72118577
"23","ENSG00000068489","chr17",59163586,59164576,"chr17",59155499,59204705,0,"DMR Genes","PRR11",55771,"proline rich 11 [Source:HGNC Symbol;Acc:HGNC:25619]","17",59155499,59204705
"24","ENSG00000070526","chr17",76626469,76626813,"chr17",76624761,76643838,0,"DMR Genes","ST6GALNAC1",55808,"ST6 N-acetylgalactosaminide alpha-2,6-sialyltransferase 1 [Source:HGNC Symbol;Acc:HGNC:23614]","17",76624761,76643838
"25","ENSG00000071242","chr6",166766785,166766900,"chr6",166409364,166906451,0,"DMR Genes","RPS6KA2",6196,"ribosomal protein S6 kinase A2 [Source:HGNC Symbol;Acc:HGNC:10431]","6",166409364,166906451
"26","ENSG00000072071","chr19",14182267,14183031,"chr19",14147743,14206187,0,"DMR Genes","ADGRL1",22859,"adhesion G protein-coupled receptor L1 [Source:HGNC Symbol;Acc:HGNC:20973]","19",14147743,14206187
"27","ENSG00000072778","chr17",7224439,7225923,"chr17",7217125,7225273,0,"DMR Genes","ACADVL",37,"acyl-CoA dehydrogenase very long chain [Source:HGNC Symbol;Acc:HGNC:92]","17",7217125,7225273
"28","ENSG00000072803","chr5",171986950,171987343,"chr5",171861549,172006873,0,"DMR Genes","FBXW11",23291,"F-box and WD repeat domain containing 11 [Source:HGNC Symbol;Acc:HGNC:13607]","5",171861549,172006873
"29","ENSG00000073350","chr17",75558721,75558761,"chr17",75525080,75575208,0,"DMR Genes","LLGL2",3993,"LLGL2, scribble cell polarity complex component [Source:HGNC Symbol;Acc:HGNC:6629]","17",75525080,75575208
"30","ENSG00000074356","chr17",3853029,3853125,"chr17",3802165,3846251,-6779,"DMR Genes","NCBP3",55421,"nuclear cap binding subunit 3 [Source:HGNC Symbol;Acc:HGNC:24612]","17",3802165,3846251
"31","ENSG00000075461","chr17",66959227,66960138,"chr17",66964910,67033398,4773,"DMR Genes","CACNG4",27092,"calcium voltage-gated channel auxiliary subunit gamma 4 [Source:HGNC Symbol;Acc:HGNC:1408]","17",66964910,67033398
"32","ENSG00000076650","chr19",33092593,33092837,"chr19",33080880,33130542,0,"DMR Genes","GPATCH1",55094,"G-patch domain containing 1 [Source:HGNC Symbol;Acc:HGNC:24658]","19",33080880,33130542
"33","ENSG00000076864","chr1",21632343,21632521,"chr1",21596215,21669363,0,"DMR Genes","RAP1GAP",5909,"RAP1 GTPase activating protein [Source:HGNC Symbol;Acc:HGNC:9858]","1",21596215,21669363
"34","ENSG00000078295","chr5",7762827,7764288,"chr5",7396208,7830081,0,"DMR Genes","ADCY2",108,"adenylate cyclase 2 [Source:HGNC Symbol;Acc:HGNC:233]","5",7396208,7830081
"35","ENSG00000078328","chr16",5408992,5410665,"chr16",5239802,7713338,0,"DMR Genes","RBFOX1",54715,"RNA binding fox-1 homolog 1 [Source:HGNC Symbol;Acc:HGNC:18222]","16",5239802,7713338
"36","ENSG00000078725","chr9",119169297,119169509,"chr9",119153458,119369467,0,"DMR Genes","BRINP1",1620,"BMP/retinoic acid inducible neural specific 1 [Source:HGNC Symbol;Acc:HGNC:2687]","9",119153458,119369467
"37","ENSG00000078900","chr1",3692912,3692998,"chr1",3652520,3736201,0,"DMR Genes","TP73",7161,"tumor protein p73 [Source:HGNC Symbol;Acc:HGNC:12003]","1",3652520,3736201
"38","ENSG00000079277","chr1",46584988,46585057,"chr1",46557408,46616843,0,"DMR Genes","MKNK1",8569,"MAP kinase interacting serine/threonine kinase 1 [Source:HGNC Symbol;Acc:HGNC:7110]","1",46557408,46616843
"39","ENSG00000080493","chr4",71256298,71257107,"chr4",71186757,71572087,0,"DMR Genes","SLC4A4",8671,"solute carrier family 4 member 4 [Source:HGNC Symbol;Acc:HGNC:11030]","4",71062667,71572087
"40","ENSG00000080845","chr20",36422249,36422803,"chr20",36306336,36528637,0,"DMR Genes","DLGAP4",22839,"DLG associated protein 4 [Source:HGNC Symbol;Acc:HGNC:24476]","20",36306336,36528637
"41","ENSG00000082068","chr5",37666051,37666130,"chr5",37379212,37753435,0,"DMR Genes","WDR70",55100,"WD repeat domain 70 [Source:HGNC Symbol;Acc:HGNC:25495]","5",37379212,37753435
"42","ENSG00000085978","chr2",233259710,233260584,"chr2",233210051,233295674,0,"DMR Genes","ATG16L1",55054,"autophagy related 16 like 1 [Source:HGNC Symbol;Acc:HGNC:21498]","2",233210051,233295674
"43","ENSG00000087258","chr16",56289402,56291291,"chr16",56191347,56357457,0,"DMR Genes","GNAO1",2775,"G protein subunit alpha o1 [Source:HGNC Symbol;Acc:HGNC:4389]","16",56191347,56357457
"44","ENSG00000088992","chr12",117048776,117049316,"chr12",117038923,117099479,0,"DMR Genes","TESC",54997,"tescalcin [Source:HGNC Symbol;Acc:HGNC:26065]","12",117038923,117099479
"45","ENSG00000089060","chr12",113311221,113313429,"chr12",113298759,113359493,0,"DMR Genes","SLC8B1",80024,"solute carrier family 8 member B1 [Source:HGNC Symbol;Acc:HGNC:26175]","12",113298759,113359493
"46","ENSG00000089234","chr12",111636454,111637513,"chr12",111642146,111685986,4634,"DMR Genes","BRAP",8315,"BRCA1 associated protein [Source:HGNC Symbol;Acc:HGNC:1099]","12",111642146,111685986
"47","ENSG00000092871","chr17",35062752,35063691,"chr17",35005990,35089319,0,"DMR Genes","RFFL",117584,"ring finger and FYVE like domain containing E3 ubiquitin protein ligase [Source:HGNC Symbol;Acc:HGNC:24821]","17",35005990,35089319
"48","ENSG00000099256","chr10",24922789,24923329,"chr10",24848607,24952604,0,"DMR Genes","PRTFDC1",56952,"phosphoribosyl transferase domain containing 1 [Source:HGNC Symbol;Acc:HGNC:23333]","10",24848607,24952604
"49","ENSG00000099365","chr16",31009999,31010260,"chr16",30989256,31010661,0,"DMR Genes","STX1B",112755,"syntaxin 1B [Source:HGNC Symbol;Acc:HGNC:18539]","16",30989256,31010661
"50","ENSG00000099812","chr19",751737,753067,"chr19",751126,764318,0,"DMR Genes","MISP",126353,"mitotic spindle positioning [Source:HGNC Symbol;Acc:HGNC:27000]","19",751126,764318
"51","ENSG00000100106","chr22",37776851,37778151,"chr22",37697004,37776556,-296,"DMR Genes","TRIOBP",11078,"TRIO and F-actin binding protein [Source:HGNC Symbol;Acc:HGNC:17009]","22",37696988,37776556
"52","ENSG00000100304","chr22",43187986,43188662,"chr22",43166622,43187133,-854,"DMR Genes","TTLL12",23170,"tubulin tyrosine ligase like 12 [Source:HGNC Symbol;Acc:HGNC:28974]","22",43166622,43187133
"53","ENSG00000100565","chr14",76874787,76874902,"chr14",76826372,76870302,-4486,"DMR Genes","LRRC74A",145497,"leucine rich repeat containing 74A [Source:HGNC Symbol;Acc:HGNC:23346]","14",76826372,76870302
"54","ENSG00000101144","chr20",57264322,57264704,"chr20",57168748,57266629,0,"DMR Genes","BMP7",655,"bone morphogenetic protein 7 [Source:HGNC Symbol;Acc:HGNC:1074]","20",57168748,57266629
"55","ENSG00000101193","chr20",62944837,62944953,"chr20",62938119,62948475,0,"DMR Genes","GID8",54994,"GID complex subunit 8 homolog [Source:HGNC Symbol;Acc:HGNC:15857]","20",62938119,62948475
"56","ENSG00000101343","chr20",20036212,20037289,"chr20",20034368,20056046,0,"DMR Genes","CRNKL1",51340,"crooked neck pre-mRNA splicing factor 1 [Source:HGNC Symbol;Acc:HGNC:15762]","20",20034368,20056046
"57","ENSG00000101463","chr20",24481377,24481521,"chr20",24469199,24666616,0,"DMR Genes","SYNDIG1",79953,"synapse differentiation inducing 1 [Source:HGNC Symbol;Acc:HGNC:15885]","20",24469199,24666616
"58","ENSG00000102003","chrX",49191379,49191757,"chrX",49187804,49200259,0,"DMR Genes","SYP",6855,"synaptophysin [Source:HGNC Symbol;Acc:HGNC:11506]","X",49187804,49200259
"59","ENSG00000102103","chrX",48897178,48898032,"chrX",48897912,48903143,0,"DMR Genes","PQBP1",10084,"polyglutamine binding protein 1 [Source:HGNC Symbol;Acc:HGNC:9330]","X",48897912,48903143
"60","ENSG00000102226","chrX",47233161,47233893,"chrX",47232690,47248328,0,"DMR Genes","USP11",8237,"ubiquitin specific peptidase 11 [Source:HGNC Symbol;Acc:HGNC:12609]","X",47232690,47248328
"61","ENSG00000103043","chr16",70712391,70712886,"chr16",70687439,70801161,0,"DMR Genes","VAC14",55697,"Vac14, PIKFYVE complex component [Source:HGNC Symbol;Acc:HGNC:25507]","16",70687439,70801161
"62","ENSG00000103888","chr15",80777353,80778143,"chr15",80779343,80951776,1201,"DMR Genes","CEMIP",57214,"cell migration inducing hyaluronidase 1 [Source:HGNC Symbol;Acc:HGNC:29213]","15",80779343,80951776
"63","ENSG00000104611","chr8",19387528,19389103,"chr8",19313617,19396218,0,"DMR Genes","SH2D4A",63898,"SH2 domain containing 4A [Source:HGNC Symbol;Acc:HGNC:26102]","8",19313617,19396218
"64","ENSG00000105778","chr7",32531979,32532267,"chr7",32495426,32588721,0,"DMR Genes","AVL9",23080,"AVL9 cell migration associated [Source:HGNC Symbol;Acc:HGNC:28994]","7",32495426,32588721
"65","ENSG00000105997","chr7",27106546,27106867,"chr7",27106184,27152581,0,"DMR Genes","HOXA3",3200,"homeobox A3 [Source:HGNC Symbol;Acc:HGNC:5104]","7",27106184,27152581
"66","ENSG00000106266","chr7",2271908,2271985,"chr7",2251770,2354318,0,"DMR Genes","SNX8",29886,"sorting nexin 8 [Source:HGNC Symbol;Acc:HGNC:14972]","7",2251770,2354318
"67","ENSG00000106436","chr7",101629527,101630539,"chr7",101613325,101629296,-232,"DMR Genes","MYL10",93408,"myosin light chain 10 [Source:HGNC Symbol;Acc:HGNC:29825]","7",101613325,101629296
"68","ENSG00000106617","chr7",151757079,151757864,"chr7",151556111,151877125,0,"DMR Genes","PRKAG2",51422,"protein kinase AMP-activated non-catalytic subunit gamma 2 [Source:HGNC Symbol;Acc:HGNC:9386]","7",151556111,151877125
"69","ENSG00000107104","chr9",617736,618356,"chr9",470291,746106,0,"DMR Genes","KANK1",23189,"KN motif and ankyrin repeat domains 1 [Source:HGNC Symbol;Acc:HGNC:19309]","9",470291,746106
"70","ENSG00000107611","chr10",16832203,16832866,"chr10",16823964,17129831,0,"DMR Genes","CUBN",8029,"cubilin [Source:HGNC Symbol;Acc:HGNC:2548]","10",16823966,17129817
"71","ENSG00000107736","chr10",71753298,71754034,"chr10",71396934,71815947,0,"DMR Genes","CDH23",64072,"cadherin related 23 [Source:HGNC Symbol;Acc:HGNC:13733]","10",71396934,71815947
"72","ENSG00000107738","chr10",71753298,71754034,"chr10",71747559,71773498,0,"DMR Genes","VSIR",64115,"V-set immunoregulatory receptor [Source:HGNC Symbol;Acc:HGNC:30085]","10",71747559,71773498
"73","ENSG00000107957","chr10",103659971,103660462,"chr10",103594027,103855543,0,"DMR Genes","SH3PXD2A",9644,"SH3 and PX domains 2A [Source:HGNC Symbol;Acc:HGNC:23664]","10",103594027,103855543
"74","ENSG00000108557","chr17",17702855,17702963,"chr17",17681473,17811453,0,"DMR Genes","RAI1",10743,"retinoic acid induced 1 [Source:HGNC Symbol;Acc:HGNC:9834]","17",17681473,17811453
"75","ENSG00000108641","chr17",19343033,19343417,"chr17",19337554,19378182,0,"DMR Genes","B9D1",27077,"B9 domain containing 1 [Source:HGNC Symbol;Acc:HGNC:24123]","17",19337554,19378193
"76","ENSG00000108821","chr17",50201589,50201637,"chr17",50183289,50201632,0,"DMR Genes","COL1A1",1277,"collagen type I alpha 1 chain [Source:HGNC Symbol;Acc:HGNC:2197]","17",50183289,50201632
"77","ENSG00000111816","chr6",116061108,116061717,"chr6",115931149,116060758,-351,"DMR Genes","FRK",2444,"fyn related Src family tyrosine kinase [Source:HGNC Symbol;Acc:HGNC:3955]","6",115931149,116060758
"78","ENSG00000112576","chr6",41940380,41940472,"chr6",41934933,42050357,0,"DMR Genes","CCND3",896,"cyclin D3 [Source:HGNC Symbol;Acc:HGNC:1585]","6",41934933,42050357
"79","ENSG00000113140","chr5",151660376,151660970,"chr5",151661096,151687165,127,"DMR Genes","SPARC",6678,"secreted protein acidic and cysteine rich [Source:HGNC Symbol;Acc:HGNC:11219]","5",151661096,151687165
"80","ENSG00000113211","chr5",141151091,141151268,"chr5",141150022,141153287,0,"DMR Genes","PCDHB6",56130,"protocadherin beta 6 [Source:HGNC Symbol;Acc:HGNC:8691]","5",141150022,141153287
"81","ENSG00000113303","chr5",180908696,180910349,"chr5",180899077,180950906,0,"DMR Genes","BTNL8",79908,"butyrophilin like 8 [Source:HGNC Symbol;Acc:HGNC:26131]","5",180899077,180950906
"82","ENSG00000115138","chr2",25160842,25161813,"chr2",25160853,25168903,0,"DMR Genes","POMC",5443,"proopiomelanocortin [Source:HGNC Symbol;Acc:HGNC:9201]","2",25160853,25168903
"83","ENSG00000115155","chr2",26503697,26504114,"chr2",26457203,26558698,0,"DMR Genes","OTOF",9381,"otoferlin [Source:HGNC Symbol;Acc:HGNC:8515]","2",26457203,26558698
"84","ENSG00000115165","chr2",157442867,157444299,"chr2",157414619,157488961,0,"DMR Genes","CYTIP",9595,"cytohesin 1 interacting protein [Source:HGNC Symbol;Acc:HGNC:9506]","2",157414619,157488961
"85","ENSG00000115507","chr2",63056845,63057011,"chr2",63050057,63057836,0,"DMR Genes","OTX1",5013,"orthodenticle homeobox 1 [Source:HGNC Symbol;Acc:HGNC:8521]","2",63050057,63057836
"86","ENSG00000115590","chr2",102033382,102033747,"chr2",101991844,102028544,-4839,"DMR Genes","IL1R2",7850,"interleukin 1 receptor type 2 [Source:HGNC Symbol;Acc:HGNC:5994]","2",101991844,102028544
"87","ENSG00000116586","chr1",156058110,156058953,"chr1",156054752,156058510,0,"DMR Genes","LAMTOR2",28956,"late endosomal/lysosomal adaptor, MAPK and MTOR activator 2 [Source:HGNC Symbol;Acc:HGNC:29796]","1",156054752,156058510
"88","ENSG00000116678","chr1",65550603,65550813,"chr1",65420652,65641559,0,"DMR Genes","LEPR",3953,"leptin receptor [Source:HGNC Symbol;Acc:HGNC:6554]","1",65420652,65641559
"89","ENSG00000117394","chr1",42940905,42942096,"chr1",42925375,42959173,0,"DMR Genes","SLC2A1",6513,"solute carrier family 2 member 1 [Source:HGNC Symbol;Acc:HGNC:11005]","1",42925375,42959176
"90","ENSG00000117691","chr1",212455816,212456592,"chr1",212432887,212446379,-9438,"DMR Genes","NENF",29937,"neudesin neurotrophic factor [Source:HGNC Symbol;Acc:HGNC:30384]","1",212432887,212446379
"91","ENSG00000118156","chr19",47545142,47545733,"chr19",47520685,47555856,0,"DMR Genes","ZNF541",84215,"zinc finger protein 541 [Source:HGNC Symbol;Acc:HGNC:25294]","19",47520685,47555856
"92","ENSG00000118160","chr19",47457330,47457647,"chr19",47428017,47472168,0,"DMR Genes","SLC8A2",6543,"solute carrier family 8 member A2 [Source:HGNC Symbol;Acc:HGNC:11069]","19",47428017,47472168
"93","ENSG00000118434","chr6",88047597,88047970,"chr6",88047789,88066832,0,"DMR Genes","SPACA1",81833,"sperm acrosome associated 1 [Source:HGNC Symbol;Acc:HGNC:14967]","6",88047789,88066832
"94","ENSG00000121101","chr17",58665468,58667297,"chr17",58556678,58692055,0,"DMR Genes","TEX14",56155,"testis expressed 14, intercellular bridge forming factor [Source:HGNC Symbol;Acc:HGNC:11737]","17",58556678,58692055
"95","ENSG00000121542","chr3",123232123,123232858,"chr3",123201927,123274130,0,"DMR Genes","SEC22A",26984,"SEC22 homolog A, vesicle trafficking protein [Source:HGNC Symbol;Acc:HGNC:20260]","3",123201927,123274130
"96","ENSG00000122126","chrX",129594208,129594369,"chrX",129539849,129592561,-1648,"DMR Genes","OCRL",4952,"OCRL, inositol polyphosphate-5-phosphatase [Source:HGNC Symbol;Acc:HGNC:8108]","X",129539849,129592561
"97","ENSG00000122966","chr12",119704333,119705435,"chr12",119685790,119877291,0,"DMR Genes","CIT",11113,"citron rho-interacting serine/threonine kinase [Source:HGNC Symbol;Acc:HGNC:1985]","12",119685790,119877291
"98","ENSG00000123146","chr19",14380881,14381191,"chr19",14380501,14408725,0,"DMR Genes","ADGRE5",976,"adhesion G protein-coupled receptor E5 [Source:HGNC Symbol;Acc:HGNC:1711]","19",14380501,14408725
"99","ENSG00000124126","chr20",48652743,48654244,"chr20",48624252,48827883,0,"DMR Genes","PREX1",57580,"phosphatidylinositol-3,4,5-trisphosphate dependent Rac exchange factor 1 [Source:HGNC Symbol;Acc:HGNC:32594]","20",48624252,48827883
"100","ENSG00000124171","chr20",50762012,50763373,"chr20",50731544,50756795,-5218,"DMR Genes","PARD6B",84612,"par-6 family cell polarity regulator beta [Source:HGNC Symbol;Acc:HGNC:16245]","20",50731544,50756795
"101","ENSG00000124302","chr19",33755134,33755333,"chr19",33621955,33773509,0,"DMR Genes","CHST8",64377,"carbohydrate sulfotransferase 8 [Source:HGNC Symbol;Acc:HGNC:15993]","19",33621955,33773509
"102","ENSG00000124788","chr6",16389911,16393193,"chr6",16299112,16761491,0,"DMR Genes","ATXN1",6310,"ataxin 1 [Source:HGNC Symbol;Acc:HGNC:10548]","6",16299112,16761491
"103","ENSG00000125089","chr4",8206396,8206437,"chr4",8182072,8241803,0,"DMR Genes","SH3TC1",54436,"SH3 domain and tetratricopeptide repeats 1 [Source:HGNC Symbol;Acc:HGNC:26009]","4",8182072,8241803
"104","ENSG00000125246","chr13",99896299,99896682,"chr13",99606669,99897134,0,"DMR Genes","CLYBL",171425,"citrate lyase beta like [Source:HGNC Symbol;Acc:HGNC:18355]","13",99606669,99897134
"105","ENSG00000125247","chr13",100610298,100612340,"chr13",100603927,100675093,0,"DMR Genes","TMTC4",84899,"transmembrane and tetratricopeptide repeat containing 4 [Source:HGNC Symbol;Acc:HGNC:25904]","13",100603927,100675093
"106","ENSG00000126217","chr13",113053146,113054224,"chr13",112894378,113099739,0,"DMR Genes","MCF2L",23263,"MCF.2 cell line derived transforming sequence like [Source:HGNC Symbol;Acc:HGNC:14576]","13",112894378,113099739
"107","ENSG00000126768","chrX",48897178,48898032,"chrX",48893447,48898143,0,"DMR Genes","TIMM17B",10245,"translocase of inner mitochondrial membrane 17B [Source:HGNC Symbol;Acc:HGNC:17310]","X",48893447,48898143
"108","ENSG00000127191","chr9",136902126,136903496,"chr9",136881912,136926607,0,"DMR Genes","TRAF2",7186,"TNF receptor associated factor 2 [Source:HGNC Symbol;Acc:HGNC:12032]","9",136881912,136926607
"109","ENSG00000129116","chr4",168585610,168585770,"chr4",168497066,168928457,0,"DMR Genes","PALLD",23022,"palladin, cytoskeletal associated protein [Source:HGNC Symbol;Acc:HGNC:17068]","4",168497066,168928457
"110","ENSG00000129675","chrX",136781423,136781587,"chrX",136665547,136782088,0,"DMR Genes","ARHGEF6",9459,"Rac/Cdc42 guanine nucleotide exchange factor 6 [Source:HGNC Symbol;Acc:HGNC:685]","X",136665547,136782088
"111","ENSG00000129965","chr11",2135840,2136923,"chr11",2131395,2161209,0,"DMR Genes","INS-IGF2",723961,"INS-IGF2 readthrough [Source:HGNC Symbol;Acc:HGNC:33527]","11",2132538,2161209
"112","ENSG00000129993","chr16",88925104,88925509,"chr16",88874858,88977204,0,"DMR Genes","CBFA2T3",863,"CBFA2/RUNX1 translocation partner 3 [Source:HGNC Symbol;Acc:HGNC:1537]","16",88874858,88977204
"113","ENSG00000130054","chrX",69503889,69505425,"chrX",69505241,69532508,0,"DMR Genes","FAM155B",27112,"family with sequence similarity 155 member B [Source:HGNC Symbol;Acc:HGNC:30701]","X",69505241,69532508
"114","ENSG00000130294","chr2",240717912,240718360,"chr2",240713764,240820308,0,"DMR Genes","KIF1A",547,"kinesin family member 1A [Source:HGNC Symbol;Acc:HGNC:888]","2",240713761,240821036
"115","ENSG00000130382","chr19",6213731,6214854,"chr19",6210379,6279948,0,"DMR Genes","MLLT1",4298,"MLLT1, super elongation complex subunit [Source:HGNC Symbol;Acc:HGNC:7134]","19",6210379,6279948
"116","ENSG00000130402","chr19",38719052,38719124,"chr19",38647649,38731583,0,"DMR Genes","ACTN4",81,"actinin alpha 4 [Source:HGNC Symbol;Acc:HGNC:166]","19",38647649,38731583
"117","ENSG00000130940","chr1",10664364,10664433,"chr1",10636604,10796650,0,"DMR Genes","CASZ1",54897,"castor zinc finger 1 [Source:HGNC Symbol;Acc:HGNC:26002]","1",10636604,10796650
"118","ENSG00000131050","chr20",33172879,33172954,"chr20",33161768,33181412,0,"DMR Genes","BPIFA2",140683,"BPI fold containing family A member 2 [Source:HGNC Symbol;Acc:HGNC:16203]","20",33161768,33181412
"119","ENSG00000131446","chr5",180795766,180796063,"chr5",180784782,180815652,0,"DMR Genes","MGAT1",4245,"mannosyl (alpha-1,3-)-glycoprotein beta-1,2-N-acetylglucosaminyltransferase [Source:HGNC Symbol;Acc:HGNC:7044]","5",180784782,180815652
"120","ENSG00000132622","chr20",3752602,3753405,"chr20",3732667,3753111,0,"DMR Genes","HSPA12B",116835,"heat shock protein family A (Hsp70) member 12B [Source:HGNC Symbol;Acc:HGNC:16193]","20",3732667,3753111
"121","ENSG00000133640","chr12",85129909,85130935,"chr12",85036314,85263224,0,"DMR Genes","LRRIQ1",84125,"leucine rich repeats and IQ motif containing 1 [Source:HGNC Symbol;Acc:HGNC:25708]","12",85036314,85264457
"122","ENSG00000133937","chr14",94770785,94771071,"chr14",94768216,94770230,-556,"DMR Genes","GSC",145258,"goosecoid homeobox [Source:HGNC Symbol;Acc:HGNC:4612]","14",94768216,94770230
"123","ENSG00000134020","chr8",22784354,22785010,"chr8",22713251,23000000,0,"DMR Genes","PEBP4",157310,"phosphatidylethanolamine binding protein 4 [Source:HGNC Symbol;Acc:HGNC:28319]","8",22713251,23000000
"124","ENSG00000134030","chr18",48686499,48687852,"chr18",48539046,48863217,0,"DMR Genes","CTIF",9811,"cap binding complex dependent translation initiation factor [Source:HGNC Symbol;Acc:HGNC:23925]","18",48539046,48863217
"125","ENSG00000135919","chr2",224037238,224037385,"chr2",223975112,224039319,0,"DMR Genes","SERPINE2",5270,"serpin family E member 2 [Source:HGNC Symbol;Acc:HGNC:8951]","2",223975112,224039319
"126","ENSG00000136720","chr2",128269558,128270161,"chr2",128236716,128318577,0,"DMR Genes","HS6ST1",9394,"heparan sulfate 6-O-sulfotransferase 1 [Source:HGNC Symbol;Acc:HGNC:5201]","2",128236716,128318577
"127","ENSG00000136848","chr9",121717929,121718334,"chr9",121567057,121785530,0,"DMR Genes","DAB2IP",153090,"DAB2 interacting protein [Source:HGNC Symbol;Acc:HGNC:17294]","9",121567057,121785530
"128","ENSG00000137767","chr15",45635751,45636644,"chr15",45631148,45691294,0,"DMR Genes","SQOR",58472,"sulfide quinone oxidoreductase [Source:HGNC Symbol;Acc:HGNC:20390]","15",45631148,45691294
"129","ENSG00000138029","chr2",26298547,26299013,"chr2",26243170,26290468,-8080,"DMR Genes","HADHB",3032,"hydroxyacyl-CoA dehydrogenase trifunctional multienzyme complex subunit beta [Source:HGNC Symbol;Acc:HGNC:4803]","2",26243170,26290468
"130","ENSG00000138376","chr2",214779965,214780821,"chr2",214725646,214809711,0,"DMR Genes","BARD1",580,"BRCA1 associated RING domain 1 [Source:HGNC Symbol;Acc:HGNC:952]","2",214725646,214809711
"131","ENSG00000138639","chr4",85784487,85785749,"chr4",85475114,86002670,0,"DMR Genes","ARHGAP24",83478,"Rho GTPase activating protein 24 [Source:HGNC Symbol;Acc:HGNC:25361]","4",85475114,86002670
"132","ENSG00000139182","chr12",7150063,7151016,"chr12",7129698,7158945,0,"DMR Genes","CLSTN3",9746,"calsyntenin 3 [Source:HGNC Symbol;Acc:HGNC:18371]","12",7129698,7158945
"133","ENSG00000139793","chr13",97235941,97235978,"chr13",97221434,97394120,0,"DMR Genes","MBNL2",10150,"muscleblind like splicing regulator 2 [Source:HGNC Symbol;Acc:HGNC:16746]","13",97221434,97394120
"134","ENSG00000139970","chr14",59754898,59754952,"chr14",59595976,59870966,0,"DMR Genes","RTN1",6252,"reticulon 1 [Source:HGNC Symbol;Acc:HGNC:10467]","14",59595976,59870966
"135","ENSG00000140538","chr15",88072339,88073118,"chr15",87859751,88256768,0,"DMR Genes","NTRK3",4916,"neurotrophic receptor tyrosine kinase 3 [Source:HGNC Symbol;Acc:HGNC:8033]","15",87859751,88256768
"136","ENSG00000140807","chr16",50627050,50627742,"chr16",50548330,50649249,0,"DMR Genes","NKD1",85407,"naked cuticle homolog 1 [Source:HGNC Symbol;Acc:HGNC:17045]","16",50548330,50649249
"137","ENSG00000140836","chr16",73153992,73154246,"chr16",72782885,73144447,-9546,"DMR Genes","ZFHX3",388289,"zinc finger homeobox 3 [Source:HGNC Symbol;Acc:HGNC:777]","16",72782885,73891871
"138","ENSG00000140836","chr16",73153992,73154246,"chr16",72782885,73144447,-9546,"DMR Genes","ZFHX3",463,"zinc finger homeobox 3 [Source:HGNC Symbol;Acc:HGNC:777]","16",72782885,73891871
"139","ENSG00000141012","chr16",88841107,88841239,"chr16",88813734,88856970,0,"DMR Genes","GALNS",2588,"galactosamine (N-acetyl)-6-sulfatase [Source:HGNC Symbol;Acc:HGNC:4122]","16",88813734,88856970
"140","ENSG00000141258","chr17",2378900,2379207,"chr17",2337498,2381058,0,"DMR Genes","SGSM2",9905,"small G protein signaling modulator 2 [Source:HGNC Symbol;Acc:HGNC:29026]","17",2337498,2381058
"141","ENSG00000141337","chr17",68391242,68391977,"chr17",68259182,68422731,0,"DMR Genes","ARSG",22901,"arylsulfatase G [Source:HGNC Symbol;Acc:HGNC:24102]","17",68259182,68422731
"142","ENSG00000141376","chr17",60851319,60851448,"chr17",60677453,61392838,0,"DMR Genes","BCAS3",54828,"BCAS3, microtubule associated cell migration factor [Source:HGNC Symbol;Acc:HGNC:14347]","17",60677453,61392838
"143","ENSG00000141622","chr18",46412784,46414124,"chr18",46326809,46463140,0,"DMR Genes","RNF165",494470,"ring finger protein 165 [Source:HGNC Symbol;Acc:HGNC:31696]","18",46326809,46463140
"144","ENSG00000141738","chr17",39741020,39741569,"chr17",39737927,39747291,0,"DMR Genes","GRB7",2886,"growth factor receptor bound protein 7 [Source:HGNC Symbol;Acc:HGNC:4567]","17",39737927,39747291
"145","ENSG00000141934","chr19",284511,285522,"chr19",281040,291504,0,"DMR Genes","PLPP2",8612,"phospholipid phosphatase 2 [Source:HGNC Symbol;Acc:HGNC:9230]","19",281040,291504
"146","ENSG00000142409","chr19",56107355,56107497,"chr19",56087366,56121280,0,"DMR Genes","ZNF787",126208,"zinc finger protein 787 [Source:HGNC Symbol;Acc:HGNC:26998]","19",56087366,56121280
"147","ENSG00000143819","chr1",225825917,225826936,"chr1",225810092,225845563,0,"DMR Genes","EPHX1",2052,"epoxide hydrolase 1 [Source:HGNC Symbol;Acc:HGNC:3401]","1",225810092,225845563
"148","ENSG00000144407","chr2",208406480,208406636,"chr2",208359714,208854503,0,"DMR Genes","PTH2R",5746,"parathyroid hormone 2 receptor [Source:HGNC Symbol;Acc:HGNC:9609]","2",208359714,208854503
"149","ENSG00000144711","chr3",12924358,12925183,"chr3",12897220,13073117,0,"DMR Genes","IQSEC1",9922,"IQ motif and Sec7 domain 1 [Source:HGNC Symbol;Acc:HGNC:29112]","3",12897220,13283281
"150","ENSG00000145020","chr3",49421710,49422656,"chr3",49416775,49422753,0,"DMR Genes","AMT",275,"aminomethyltransferase [Source:HGNC Symbol;Acc:HGNC:473]","3",49416775,49422753
"151","ENSG00000145050","chr3",51387388,51388247,"chr3",51385047,51389397,0,"DMR Genes","MANF",7873,"mesencephalic astrocyte derived neurotrophic factor [Source:HGNC Symbol;Acc:HGNC:15461]","3",51385047,51389397
"152","ENSG00000145808","chr5",129523002,129523033,"chr5",129460265,129738683,0,"DMR Genes","ADAMTS19",171019,"ADAM metallopeptidase with thrombospondin type 1 motif 19 [Source:HGNC Symbol;Acc:HGNC:17111]","5",129460265,129738683
"153","ENSG00000145819","chr5",142931765,142932590,"chr5",142770384,143229011,0,"DMR Genes","ARHGAP26",23092,"Rho GTPase activating protein 26 [Source:HGNC Symbol;Acc:HGNC:17073]","5",142770377,143229011
"154","ENSG00000146250","chr6",83524659,83524744,"chr6",83512538,83525704,0,"DMR Genes","PRSS35",167681,"serine protease 35 [Source:HGNC Symbol;Acc:HGNC:21387]","6",83512538,83525704
"155","ENSG00000146555","chr7",3318248,3320253,"chr7",3301448,4269000,0,"DMR Genes","SDK1",221935,"sidekick cell adhesion molecule 1 [Source:HGNC Symbol;Acc:HGNC:19307]","7",3301448,4269000
"156","ENSG00000146592","chr7",28358184,28358502,"chr7",28299321,28825894,0,"DMR Genes","CREB5",9586,"cAMP responsive element binding protein 5 [Source:HGNC Symbol;Acc:HGNC:16844]","7",28299321,28825894
"157","ENSG00000146955","chr7",140404210,140405102,"chr7",140404043,140426250,0,"DMR Genes","RAB19",401409,"RAB19, member RAS oncogene family [Source:HGNC Symbol;Acc:HGNC:19982]","7",140404043,140426250
"158","ENSG00000146966","chr7",140570340,140570972,"chr7",140518420,140673993,0,"DMR Genes","DENND2A",27147,"DENN domain containing 2A [Source:HGNC Symbol;Acc:HGNC:22212]","7",140518420,140673993
"159","ENSG00000147481","chr8",50006065,50006833,"chr8",49909789,50794118,0,"DMR Genes","SNTG1",54212,"syntrophin gamma 1 [Source:HGNC Symbol;Acc:HGNC:13740]","8",49909789,50796691
"160","ENSG00000148429","chr10",11462211,11462620,"chr10",11453946,11611754,0,"DMR Genes","USP6NL",9712,"USP6 N-terminal like [Source:HGNC Symbol;Acc:HGNC:16858]","10",11453946,11611754
"161","ENSG00000148660","chr10",73875428,73876061,"chr10",73812501,73874591,-838,"DMR Genes","CAMK2G",818,"calcium/calmodulin dependent protein kinase II gamma [Source:HGNC Symbol;Acc:HGNC:1463]","10",73812501,73874591
"162","ENSG00000148848","chr10",126042027,126042895,"chr10",126012381,126388455,0,"DMR Genes","ADAM12",8038,"ADAM metallopeptidase domain 12 [Source:HGNC Symbol;Acc:HGNC:190]","10",126012381,126388455
"163","ENSG00000149305","chr11",113941570,113942097,"chr11",113904677,113946565,0,"DMR Genes","HTR3B",9177,"5-hydroxytryptamine receptor 3B [Source:HGNC Symbol;Acc:HGNC:5298]","11",113904677,113946565
"164","ENSG00000149403","chr11",120547115,120548222,"chr11",120511700,120988904,0,"DMR Genes","GRIK4",2900,"glutamate ionotropic receptor kainate type subunit 4 [Source:HGNC Symbol;Acc:HGNC:4582]","11",120511700,120988904
"165","ENSG00000149639","chr20",36776009,36778334,"chr20",36777442,36863686,0,"DMR Genes","SOGA1",140710,"suppressor of glucose, autophagy associated 1 [Source:HGNC Symbol;Acc:HGNC:16111]","20",36777442,36863686
"166","ENSG00000151067","chr12",2346589,2347320,"chr12",1970786,2697950,0,"DMR Genes","CACNA1C",775,"calcium voltage-gated channel subunit alpha1 C [Source:HGNC Symbol;Acc:HGNC:1390]","12",1970786,2697950
"167","ENSG00000151067","chr12",2362616,2363805,"chr12",1970786,2697950,0,"DMR Genes","CACNA1C",775,"calcium voltage-gated channel subunit alpha1 C [Source:HGNC Symbol;Acc:HGNC:1390]","12",1970786,2697950
"168","ENSG00000151376","chr11",86630295,86630782,"chr11",86441108,86672636,0,"DMR Genes","ME3",10873,"malic enzyme 3 [Source:HGNC Symbol;Acc:HGNC:6985]","11",86441108,86672636
"169","ENSG00000151414","chr1",198298819,198298908,"chr1",198156963,198322420,0,"DMR Genes","NEK7",140609,"NIMA related kinase 7 [Source:HGNC Symbol;Acc:HGNC:13386]","1",198156963,198322420
"170","ENSG00000152315","chr14",90070669,90070815,"chr14",90061765,90185857,0,"DMR Genes","KCNK13",56659,"potassium two pore domain channel subfamily K member 13 [Source:HGNC Symbol;Acc:HGNC:6275]","14",90061765,90185857
"171","ENSG00000154027","chr1",77388840,77389724,"chr1",77282051,77559969,0,"DMR Genes","AK5",26289,"adenylate kinase 5 [Source:HGNC Symbol;Acc:HGNC:365]","1",77282051,77559969
"172","ENSG00000154229","chr17",66714569,66715071,"chr17",66302636,66810743,0,"DMR Genes","PRKCA",5578,"protein kinase C alpha [Source:HGNC Symbol;Acc:HGNC:9393]","17",66302636,66810743
"173","ENSG00000154229","chr17",66689001,66689943,"chr17",66302636,66810743,0,"DMR Genes","PRKCA",5578,"protein kinase C alpha [Source:HGNC Symbol;Acc:HGNC:9393]","17",66302636,66810743
"174","ENSG00000154342","chr1",228002808,228004191,"chr1",228007051,228061260,2861,"DMR Genes","WNT3A",89780,"Wnt family member 3A [Source:HGNC Symbol;Acc:HGNC:15983]","1",228007051,228061260
"175","ENSG00000154832","chr18",50290738,50291272,"chr18",50282343,50288304,-2435,"DMR Genes","CXXC1",30827,"CXXC finger protein 1 [Source:HGNC Symbol;Acc:HGNC:24343]","18",50282343,50288304
"176","ENSG00000155754","chr2",201618951,201618981,"chr2",201487425,201619178,0,"DMR Genes","C2CD6",151254,"C2 calcium dependent domain containing 6 [Source:HGNC Symbol;Acc:HGNC:14438]","2",201487425,201619178
"177","ENSG00000156395","chr10",105218842,105219526,"chr10",104641101,105265235,0,"DMR Genes","SORCS3",22986,"sortilin related VPS10 domain containing receptor 3 [Source:HGNC Symbol;Acc:HGNC:16699]","10",104641101,105265235
"178","ENSG00000156453","chr5",141884506,141885085,"chr5",141853111,141879246,-5261,"DMR Genes","PCDH1",5097,"protocadherin 1 [Source:HGNC Symbol;Acc:HGNC:8655]","5",141853111,141879246
"179","ENSG00000157087","chr3",10442956,10443555,"chr3",10324023,10708031,0,"DMR Genes","ATP2B2",491,"ATPase plasma membrane Ca2+ transporting 2 [Source:HGNC Symbol;Acc:HGNC:815]","3",10324023,10708007
"180","ENSG00000157087","chr3",10356287,10357349,"chr3",10324023,10708031,0,"DMR Genes","ATP2B2",491,"ATPase plasma membrane Ca2+ transporting 2 [Source:HGNC Symbol;Acc:HGNC:815]","3",10324023,10708007
"181","ENSG00000157193","chr1",53322764,53322823,"chr1",53242364,53328070,0,"DMR Genes","LRP8",7804,"LDL receptor related protein 8 [Source:HGNC Symbol;Acc:HGNC:6700]","1",53242364,53328070
"182","ENSG00000157557","chr21",38804182,38804689,"chr21",38805307,38824955,619,"DMR Genes","ETS2",2114,"ETS proto-oncogene 2, transcription factor [Source:HGNC Symbol;Acc:HGNC:3489]","21",38805307,38824955
"183","ENSG00000157778","chr7",1564156,1564888,"chr7",1567330,1571005,2443,"DMR Genes","PSMG3",84262,"proteasome assembly chaperone 3 [Source:HGNC Symbol;Acc:HGNC:22420]","7",1567330,1571005
"184","ENSG00000157800","chr7",140404210,140405102,"chr7",140293693,140404433,0,"DMR Genes","SLC37A3",84255,"solute carrier family 37 member 3 [Source:HGNC Symbol;Acc:HGNC:20651]","7",140293693,140404433
"185","ENSG00000157985","chr2",235865240,235865417,"chr2",235494089,236131800,0,"DMR Genes","AGAP1",116987,"ArfGAP with GTPase domain, ankyrin repeat and PH domain 1 [Source:HGNC Symbol;Acc:HGNC:16922]","2",235494089,236131800
"186","ENSG00000157985","chr2",236115166,236115907,"chr2",235494089,236131800,0,"DMR Genes","AGAP1",116987,"ArfGAP with GTPase domain, ankyrin repeat and PH domain 1 [Source:HGNC Symbol;Acc:HGNC:16922]","2",235494089,236131800
"187","ENSG00000160294","chr21",46265985,46266667,"chr21",46235126,46286297,0,"DMR Genes","MCM3AP",8888,"minichromosome maintenance complex component 3 associated protein [Source:HGNC Symbol;Acc:HGNC:6946]","21",46235126,46286297
"188","ENSG00000160539","chr9",131302114,131302779,"chr9",131289694,131309262,0,"DMR Genes","PLPP7",84814,"phospholipid phosphatase 7 (inactive) [Source:HGNC Symbol;Acc:HGNC:28174]","9",131289459,131359022
"189","ENSG00000160712","chr1",154418622,154419748,"chr1",154405193,154469450,0,"DMR Genes","IL6R",3570,"interleukin 6 receptor [Source:HGNC Symbol;Acc:HGNC:6019]","1",154405193,154469450
"190","ENSG00000160838","chr1",156926062,156926855,"chr1",156920650,156933094,0,"DMR Genes","LRRC71",149499,"leucine rich repeat containing 71 [Source:HGNC Symbol;Acc:HGNC:26556]","1",156920650,156933094
"191","ENSG00000160951","chr19",14475789,14476343,"chr19",14472466,14475362,-428,"DMR Genes","PTGER1",5731,"prostaglandin E receptor 1 [Source:HGNC Symbol;Acc:HGNC:9593]","19",14472466,14475362
"192","ENSG00000162337","chr11",68388043,68388118,"chr11",68312609,68449275,0,"DMR Genes","LRP5",4041,"LDL receptor related protein 5 [Source:HGNC Symbol;Acc:HGNC:6697]","11",68312609,68449275
"193","ENSG00000162341","chr11",69122922,69123250,"chr11",69048897,69162440,0,"DMR Genes","TPCN2",219931,"two pore segment channel 2 [Source:HGNC Symbol;Acc:HGNC:20820]","11",69048897,69162440
"194","ENSG00000162482","chr1",19288283,19288357,"chr1",19282558,19289250,0,"DMR Genes","AKR7A3",22977,"aldo-keto reductase family 7 member A3 [Source:HGNC Symbol;Acc:HGNC:390]","1",19282558,19289250
"195","ENSG00000162706","chr1",159161687,159163148,"chr1",159171609,159203313,8462,"DMR Genes","CADM3",57863,"cell adhesion molecule 3 [Source:HGNC Symbol;Acc:HGNC:17601]","1",159171609,159203313
"196","ENSG00000163694","chr4",40524209,40525210,"chr4",40423267,40630875,0,"DMR Genes","RBM47",54502,"RNA binding motif protein 47 [Source:HGNC Symbol;Acc:HGNC:30358]","4",40423267,40630875
"197","ENSG00000163995","chr4",8079138,8079720,"chr4",7965310,8158832,0,"DMR Genes","ABLIM2",84448,"actin binding LIM protein family member 2 [Source:HGNC Symbol;Acc:HGNC:19195]","4",7965310,8158832
"198","ENSG00000164062","chr3",49673335,49673548,"chr3",49674002,49683963,455,"DMR Genes","APEH",327,"acylaminoacyl-peptide hydrolase [Source:HGNC Symbol;Acc:HGNC:586]","3",49674002,49683963
"199","ENSG00000164466","chr5",175526490,175526710,"chr5",175477062,175529742,0,"DMR Genes","SFXN1",94081,"sideroflexin 1 [Source:HGNC Symbol;Acc:HGNC:16085]","5",175477062,175529742
"200","ENSG00000164687","chr8",81283115,81283853,"chr8",81280363,81284777,0,"DMR Genes","FABP5",2171,"fatty acid binding protein 5 [Source:HGNC Symbol;Acc:HGNC:3560]","8",81280363,81284777
"201","ENSG00000165060","chr9",69078268,69079168,"chr9",69035259,69100178,0,"DMR Genes","FXN",2395,"frataxin [Source:HGNC Symbol;Acc:HGNC:3951]","9",69035259,69120427
"202","ENSG00000165475","chr13",20394590,20394785,"chr13",20403667,20525857,8883,"DMR Genes","CRYL1",51084,"crystallin lambda 1 [Source:HGNC Symbol;Acc:HGNC:18246]","13",20403666,20525873
"203","ENSG00000165643","chr9",135700128,135700198,"chr9",135693407,135699528,-601,"DMR Genes","SOHLH1",402381,"spermatogenesis and oogenesis specific basic helix-loop-helix 1 [Source:HGNC Symbol;Acc:HGNC:27845]","9",135693407,135699528
"204","ENSG00000165689","chr9",136407776,136408050,"chr9",136401922,136410609,0,"DMR Genes","ENTR1",10807,"endosome associated trafficking regulator 1 [Source:HGNC Symbol;Acc:HGNC:10667]","9",136401922,136410609
"205","ENSG00000166592","chr16",66921845,66922261,"chr16",66921679,66925644,0,"DMR Genes","RRAD",6236,"RRAD, Ras related glycolysis inhibitor and calcium channel regulator [Source:HGNC Symbol;Acc:HGNC:10446]","16",66921679,66925644
"206","ENSG00000166707","chrX",104112522,104112694,"chrX",104112131,104115846,0,"DMR Genes","ZCCHC18",644353,"zinc finger CCHC-type containing 18 [Source:HGNC Symbol;Acc:HGNC:32459]","X",104112131,104115846
"207","ENSG00000166897","chr22",37418657,37418684,"chr22",37367960,37427470,0,"DMR Genes","ELFN2",114794,"extracellular leucine rich repeat and fibronectin type III domain containing 2 [Source:HGNC Symbol;Acc:HGNC:29396]","22",37367960,37427470
"208","ENSG00000167103","chr9",127923892,127924318,"chr9",127920879,127930797,0,"DMR Genes","PIP5KL1",138429,"phosphatidylinositol-4-phosphate 5-kinase like 1 [Source:HGNC Symbol;Acc:HGNC:28711]","9",127920879,127930797
"209","ENSG00000167244","chr11",2135840,2136923,"chr11",2129112,2141238,0,"DMR Genes","IGF2",3481,"insulin like growth factor 2 [Source:HGNC Symbol;Acc:HGNC:5466]","11",2129112,2149603
"210","ENSG00000167723","chr17",3528435,3529230,"chr17",3510502,3557995,0,"DMR Genes","TRPV3",162514,"transient receptor potential cation channel subfamily V member 3 [Source:HGNC Symbol;Acc:HGNC:18084]","17",3510502,3557995
"211","ENSG00000168418","chr16",84238450,84238632,"chr16",84218667,84239750,0,"DMR Genes","KCNG4",93107,"potassium voltage-gated channel modifier subfamily G member 4 [Source:HGNC Symbol;Acc:HGNC:19697]","16",84218667,84239750
"212","ENSG00000168925","chr16",75217803,75218721,"chr16",75219000,75224924,280,"DMR Genes","CTRB1",1504,"chymotrypsinogen B1 [Source:HGNC Symbol;Acc:HGNC:2521]","16",75219000,75226338
"213","ENSG00000169282","chr3",156292568,156292644,"chr3",156037701,156539138,0,"DMR Genes","KCNAB1",7881,"potassium voltage-gated channel subfamily A member regulatory beta subunit 1 [Source:HGNC Symbol;Acc:HGNC:6228]","3",156037701,156539138
"214","ENSG00000169291","chr1",154470121,154470264,"chr1",154469772,154502113,0,"DMR Genes","SHE",126669,"Src homology 2 domain containing E [Source:HGNC Symbol;Acc:HGNC:27004]","1",154469772,154502113
"215","ENSG00000169499","chr8",38936622,38937110,"chr8",38901235,38973909,0,"DMR Genes","PLEKHA2",59339,"pleckstrin homology domain containing A2 [Source:HGNC Symbol;Acc:HGNC:14336]","8",38901235,38973909
"216","ENSG00000169783","chr15",77656496,77657636,"chr15",77613027,77820900,0,"DMR Genes","LINGO1",84894,"leucine rich repeat and Ig domain containing 1 [Source:HGNC Symbol;Acc:HGNC:21205]","15",77613027,77820900
"217","ENSG00000169783","chr15",77722937,77724337,"chr15",77613027,77820900,0,"DMR Genes","LINGO1",84894,"leucine rich repeat and Ig domain containing 1 [Source:HGNC Symbol;Acc:HGNC:21205]","15",77613027,77820900
"218","ENSG00000169894","chr7",100942011,100942803,"chr7",100949555,100968346,6753,"DMR Genes","MUC3A",4584,"mucin 3A, cell surface associated [Source:HGNC Symbol;Acc:HGNC:7513]","7",100949555,100968346
"219","ENSG00000170322","chr11",129880055,129880441,"chr11",129863636,129895590,0,"DMR Genes","NFRKB",4798,"nuclear factor related to kappaB binding protein [Source:HGNC Symbol;Acc:HGNC:7802]","11",129863636,129895590
"220","ENSG00000170915","chr6",52360860,52361549,"chr6",52361421,52407777,0,"DMR Genes","PAQR8",85315,"progestin and adipoQ receptor family member 8 [Source:HGNC Symbol;Acc:HGNC:15708]","6",52361421,52407777
"221","ENSG00000171044","chr8",11080693,11081927,"chr8",10896045,11201366,0,"DMR Genes","XKR6",286046,"XK related 6 [Source:HGNC Symbol;Acc:HGNC:27806]","8",10896045,11201366
"222","ENSG00000171735","chr1",7150056,7150263,"chr1",6785324,7769706,0,"DMR Genes","CAMTA1",23261,"calmodulin binding transcription activator 1 [Source:HGNC Symbol;Acc:HGNC:18806]","1",6785324,7769706
"223","ENSG00000171735","chr1",7372247,7372802,"chr1",6785324,7769706,0,"DMR Genes","CAMTA1",23261,"calmodulin binding transcription activator 1 [Source:HGNC Symbol;Acc:HGNC:18806]","1",6785324,7769706
"224","ENSG00000171777","chr19",38425099,38427339,"chr19",38409051,38426305,0,"DMR Genes","RASGRP4",115727,"RAS guanyl releasing protein 4 [Source:HGNC Symbol;Acc:HGNC:18958]","19",38409051,38426305
"225","ENSG00000171798","chr10",133226461,133227096,"chr10",133160447,133226412,-50,"DMR Genes","KNDC1",85442,"kinase non-catalytic C-lobe domain containing 1 [Source:HGNC Symbol;Acc:HGNC:29374]","10",133160447,133226412
"226","ENSG00000171812","chr1",36123501,36124294,"chr1",36095236,36125220,0,"DMR Genes","COL8A2",1296,"collagen type VIII alpha 2 chain [Source:HGNC Symbol;Acc:HGNC:2216]","1",36095236,36125220
"227","ENSG00000171988","chr10",63411518,63412522,"chr10",63167221,63521850,0,"DMR Genes","JMJD1C",221037,"jumonji domain containing 1C [Source:HGNC Symbol;Acc:HGNC:12313]","10",63167221,63521850
"228","ENSG00000172000","chr19",2888882,2889173,"chr19",2867335,2883445,-5438,"DMR Genes","ZNF556",80032,"zinc finger protein 556 [Source:HGNC Symbol;Acc:HGNC:25669]","19",2867335,2883445
"229","ENSG00000173175","chr3",123335251,123336042,"chr3",123282296,123449758,0,"DMR Genes","ADCY5",111,"adenylate cyclase 5 [Source:HGNC Symbol;Acc:HGNC:236]","3",123282296,123449758
"230","ENSG00000173482","chr18",8063302,8063337,"chr18",7566782,8406861,0,"DMR Genes","PTPRM",5797,"protein tyrosine phosphatase, receptor type M [Source:HGNC Symbol;Acc:HGNC:9675]","18",7566782,8406861
"231","ENSG00000173950","chr3",195178633,195179795,"chr3",195068279,195271167,0,"DMR Genes","XXYLT1",152002,"xyloside xylosyltransferase 1 [Source:HGNC Symbol;Acc:HGNC:26639]","3",195068279,195271167
"232","ENSG00000174498","chr15",65361076,65361995,"chr15",65327127,65378040,0,"DMR Genes","IGDCC3",9543,"immunoglobulin superfamily DCC subclass member 3 [Source:HGNC Symbol;Acc:HGNC:9700]","15",65327127,65378040
"233","ENSG00000174951","chr19",48752025,48752286,"chr19",48748011,48755390,0,"DMR Genes","FUT1",2523,"fucosyltransferase 1 (H blood group) [Source:HGNC Symbol;Acc:HGNC:4012]","19",48748011,48755390
"234","ENSG00000175170","chr20",25853436,25853844,"chr20",25763466,25868225,0,"DMR Genes","FAM182B",NA,"family with sequence similarity 182 member B [Source:HGNC Symbol;Acc:HGNC:34503]","20",25763466,25868225
"235","ENSG00000175170","chr20",25854899,25857391,"chr20",25763466,25868225,0,"DMR Genes","FAM182B",NA,"family with sequence similarity 182 member B [Source:HGNC Symbol;Acc:HGNC:34503]","20",25763466,25868225
"236","ENSG00000175387","chr18",47923320,47923974,"chr18",47808957,47931146,0,"DMR Genes","SMAD2",4087,"SMAD family member 2 [Source:HGNC Symbol;Acc:HGNC:6768]","18",47808957,47931146
"237","ENSG00000175701","chr2",110212520,110212705,"chr2",110211529,110245420,0,"DMR Genes","MTLN",205251,"mitoregulin [Source:HGNC Symbol;Acc:HGNC:27339]","2",110211529,110245420
"238","ENSG00000175931","chr17",76421217,76421906,"chr17",76389451,76453206,0,"DMR Genes","UBE2O",63893,"ubiquitin conjugating enzyme E2 O [Source:HGNC Symbol;Acc:HGNC:29554]","17",76389451,76453206
"239","ENSG00000176160","chr17",58487707,58487823,"chr17",58420167,58488384,0,"DMR Genes","HSF5",124535,"heat shock transcription factor 5 [Source:HGNC Symbol;Acc:HGNC:26862]","17",58420167,58488384
"240","ENSG00000177000","chr1",11803433,11803841,"chr1",11785723,11806920,0,"DMR Genes","MTHFR",4524,"methylenetetrahydrofolate reductase [Source:HGNC Symbol;Acc:HGNC:7436]","1",11785723,11806920
"241","ENSG00000177291","chr10",35607477,35607961,"chr10",35605410,35608935,0,"DMR Genes","GJD4",219770,"gap junction protein delta 4 [Source:HGNC Symbol;Acc:HGNC:23296]","10",35605410,35608935
"242","ENSG00000177595","chr11",804279,804712,"chr11",799179,809753,0,"DMR Genes","PIDD1",55367,"p53-induced death domain protein 1 [Source:HGNC Symbol;Acc:HGNC:16491]","11",799179,809753
"243","ENSG00000177994","chr2",54329967,54330267,"chr2",54330034,54383742,0,"DMR Genes","C2orf73",129852,"chromosome 2 open reading frame 73 [Source:HGNC Symbol;Acc:HGNC:26861]","2",54330034,54383742
"244","ENSG00000179241","chr11",36162339,36163133,"chr11",35943981,36232136,0,"DMR Genes","LDLRAD3",143458,"low density lipoprotein receptor class A domain containing 3 [Source:HGNC Symbol;Acc:HGNC:27046]","11",35943981,36232136
"245","ENSG00000180089","chr19",55228154,55228389,"chr19",55226639,55229264,0,"DMR Genes","TMEM86B",255043,"transmembrane protein 86B [Source:HGNC Symbol;Acc:HGNC:28448]","19",55226639,55229264
"246","ENSG00000180287","chr1",242375110,242375205,"chr1",242082986,242524696,0,"DMR Genes","PLD5",200150,"phospholipase D family member 5 [Source:HGNC Symbol;Acc:HGNC:26879]","1",242082986,242524696
"247","ENSG00000180663","chr16",31817279,31818586,"chr16",31807926,31808844,-8436,"DMR Genes","VN1R3",NA,"vomeronasal 1 receptor 3 (gene/pseudogene) [Source:HGNC Symbol;Acc:HGNC:19867]","16",31807926,31808844
"248","ENSG00000181378","chr2",219046119,219046983,"chr2",219002846,219041527,-4593,"DMR Genes","CFAP65",255101,"cilia and flagella associated protein 65 [Source:HGNC Symbol;Acc:HGNC:25325]","2",219002846,219041527
"249","ENSG00000181704","chrX",68498806,68499071,"chrX",68498323,68537285,0,"DMR Genes","YIPF6",286451,"Yip1 domain family member 6 [Source:HGNC Symbol;Acc:HGNC:28304]","X",68498323,68537285
"250","ENSG00000181804","chr3",143699852,143700441,"chr3",143265222,143848531,0,"DMR Genes","SLC9A9",285195,"solute carrier family 9 member A9 [Source:HGNC Symbol;Acc:HGNC:20653]","3",143265222,143848531
"251","ENSG00000182132","chr5",170495858,170496956,"chr5",170353487,170736632,0,"DMR Genes","KCNIP1",30820,"potassium voltage-gated channel interacting protein 1 [Source:HGNC Symbol;Acc:HGNC:15521]","5",170353487,170736632
"252","ENSG00000182256","chr15",27529607,27530152,"chr15",26971282,27541991,0,"DMR Genes","GABRG3",2567,"gamma-aminobutyric acid type A receptor gamma3 subunit [Source:HGNC Symbol;Acc:HGNC:4088]","15",26971282,27541991
"253","ENSG00000182636","chr15",23686470,23686678,"chr15",23685400,23687330,0,"DMR Genes","NDN",4692,"necdin, MAGE family member [Source:HGNC Symbol;Acc:HGNC:7675]","15",23685400,23687330
"254","ENSG00000182771","chr10",86126962,86128814,"chr10",85599555,86366493,0,"DMR Genes","GRID1",2894,"glutamate ionotropic receptor delta type subunit 1 [Source:HGNC Symbol;Acc:HGNC:4575]","10",85599555,86366493
"255","ENSG00000183117","chr8",3059436,3059878,"chr8",2935353,4994972,0,"DMR Genes","CSMD1",64478,"CUB and Sushi multiple domains 1 [Source:HGNC Symbol;Acc:HGNC:14026]","8",2935353,4994972
"256","ENSG00000183337","chrX",40095944,40096076,"chrX",40049815,40177329,0,"DMR Genes","BCOR",54880,"BCL6 corepressor [Source:HGNC Symbol;Acc:HGNC:20893]","X",40049815,40177329
"257","ENSG00000183655","chr15",85795841,85796934,"chr15",85759323,85795030,-812,"DMR Genes","KLHL25",64410,"kelch like family member 25 [Source:HGNC Symbol;Acc:HGNC:25732]","15",85759323,85795030
"258","ENSG00000184005","chr1",76442631,76443461,"chr1",76074719,76634601,0,"DMR Genes","ST6GALNAC3",256435,"ST6 N-acetylgalactosaminide alpha-2,6-sialyltransferase 3 [Source:HGNC Symbol;Acc:HGNC:19343]","1",76074719,76634601
"259","ENSG00000184349","chr5",107436371,107437342,"chr5",107376889,107670895,0,"DMR Genes","EFNA5",1946,"ephrin A5 [Source:HGNC Symbol;Acc:HGNC:3225]","5",107376889,107670895
"260","ENSG00000184368","chrX",20116095,20117062,"chrX",20006713,20116917,0,"DMR Genes","MAP7D2",256714,"MAP7 domain containing 2 [Source:HGNC Symbol;Acc:HGNC:25899]","X",20006713,20116917
"261","ENSG00000184719","chr10",88271869,88272145,"chr10",88273864,88584530,1720,"DMR Genes","RNLS",55328,"renalase, FAD dependent amine oxidase [Source:HGNC Symbol;Acc:HGNC:25641]","10",88273864,88584530
"262","ENSG00000185028","chr5",191693,192215,"chr5",191511,195353,0,"DMR Genes","LRRC14B",389257,"leucine rich repeat containing 14B [Source:HGNC Symbol;Acc:HGNC:37268]","5",191511,195353
"263","ENSG00000185046","chr12",99868913,99869013,"chr12",98726457,99984654,0,"DMR Genes","ANKS1B",56899,"ankyrin repeat and sterile alpha motif domain containing 1B [Source:HGNC Symbol;Acc:HGNC:24600]","12",98726457,99984654
"264","ENSG00000185156","chr17",8799085,8799587,"chr17",8797162,8799349,0,"DMR Genes","MFSD6L",162387,"major facilitator superfamily domain containing 6 like [Source:HGNC Symbol;Acc:HGNC:26656]","17",8797162,8799349
"265","ENSG00000185483","chr1",63867302,63867988,"chr1",63774022,64181498,0,"DMR Genes","ROR1",4919,"receptor tyrosine kinase like orphan receptor 1 [Source:HGNC Symbol;Acc:HGNC:10256]","1",63774022,64181498
"266","ENSG00000185737","chr10",82142484,82144392,"chr10",81875314,82987179,0,"DMR Genes","NRG3",10718,"neuregulin 3 [Source:HGNC Symbol;Acc:HGNC:7999]","10",81875314,82987179
"267","ENSG00000185920","chr9",95462838,95463363,"chr9",95442980,95517057,0,"DMR Genes","PTCH1",5727,"patched 1 [Source:HGNC Symbol;Acc:HGNC:9585]","9",95442980,95517057
"268","ENSG00000185986","chr5",1593131,1594605,"chr5",1572222,1594620,0,"DMR Genes","SDHAP3",NA,"succinate dehydrogenase complex flavoprotein subunit A pseudogene 3 [Source:HGNC Symbol;Acc:HGNC:18781]","5",1572222,1594620
"269","ENSG00000186073","chr15",36740773,36740843,"chr15",36579611,36810248,0,"DMR Genes","C15orf41",84529,"chromosome 15 open reading frame 41 [Source:HGNC Symbol;Acc:HGNC:26929]","15",36579611,36810248
"270","ENSG00000186487","chr2",1927091,1927147,"chr2",1789113,2331260,0,"DMR Genes","MYT1L",23040,"myelin transcription factor 1 like [Source:HGNC Symbol;Acc:HGNC:7623]","2",1789113,2331664
"271","ENSG00000186654","chr22",44691646,44692278,"chr22",44668547,44737681,0,"DMR Genes","PRR5",55615,"proline rich 5 [Source:HGNC Symbol;Acc:HGNC:31682]","22",44668547,44737681
"272","ENSG00000186732","chr22",43467488,43468065,"chr22",43411196,43507848,0,"DMR Genes","MPPED1",758,"metallophosphoesterase domain containing 1 [Source:HGNC Symbol;Acc:HGNC:1306]","22",43411196,43507848
"273","ENSG00000186732","chr22",43421079,43421219,"chr22",43411196,43507848,0,"DMR Genes","MPPED1",758,"metallophosphoesterase domain containing 1 [Source:HGNC Symbol;Acc:HGNC:1306]","22",43411196,43507848
"274","ENSG00000187122","chr10",97145550,97145837,"chr10",96998038,97185920,0,"DMR Genes","SLIT1",6585,"slit guidance ligand 1 [Source:HGNC Symbol;Acc:HGNC:11085]","10",96998038,97185920
"275","ENSG00000187123","chr2",149400170,149400400,"chr2",149329985,149474148,0,"DMR Genes","LYPD6",130574,"LY6/PLAUR domain containing 6 [Source:HGNC Symbol;Acc:HGNC:28751]","2",149329985,149474148
"276","ENSG00000187416","chr7",104777414,104778686,"chr7",104328656,104907232,0,"DMR Genes","LHFPL3",375612,"LHFPL tetraspan subfamily member 3 [Source:HGNC Symbol;Acc:HGNC:6589]","7",104328656,104907232
"277","ENSG00000187527","chr3",193302401,193304336,"chr3",193274790,193378843,0,"DMR Genes","ATP13A5",344905,"ATPase 13A5 [Source:HGNC Symbol;Acc:HGNC:31789]","3",193274790,193378843
"278","ENSG00000187553","chr10",93063064,93063545,"chr10",93060808,93069536,0,"DMR Genes","CYP26C1",340665,"cytochrome P450 family 26 subfamily C member 1 [Source:HGNC Symbol;Acc:HGNC:20577]","10",93060808,93069536
"279","ENSG00000187678","chr5",142313560,142314588,"chr5",142310427,142326455,0,"DMR Genes","SPRY4",81848,"sprouty RTK signaling antagonist 4 [Source:HGNC Symbol;Acc:HGNC:15533]","5",142310427,142326455
"280","ENSG00000187764","chr9",89361605,89362627,"chr9",89360787,89498130,0,"DMR Genes","SEMA4D",10507,"semaphorin 4D [Source:HGNC Symbol;Acc:HGNC:10732]","9",89360787,89498130
"281","ENSG00000188677","chr22",44153867,44154403,"chr22",43999211,44172949,0,"DMR Genes","PARVB",29780,"parvin beta [Source:HGNC Symbol;Acc:HGNC:14653]","22",43999211,44172949
"282","ENSG00000188763","chr7",73424322,73424451,"chr7",73433783,73436120,9333,"DMR Genes","FZD9",8326,"frizzled class receptor 9 [Source:HGNC Symbol;Acc:HGNC:4047]","7",73433783,73436120
"283","ENSG00000188868","chr19",12331910,12332937,"chr19",12317477,12333720,0,"DMR Genes","ZNF563",147837,"zinc finger protein 563 [Source:HGNC Symbol;Acc:HGNC:30498]","19",12317477,12333720
"284","ENSG00000189143","chr7",73833467,73833702,"chr7",73799542,73832693,-775,"DMR Genes","CLDN4",1364,"claudin 4 [Source:HGNC Symbol;Acc:HGNC:2046]","7",73799542,73832693
"285","ENSG00000189195","chr1",92096789,92096922,"chr1",92080305,92184725,0,"DMR Genes","BTBD8",284697,"BTB domain containing 8 [Source:HGNC Symbol;Acc:HGNC:21019]","1",92080305,92184725
"286","ENSG00000189195","chr1",92096789,92096922,"chr1",92080305,92184725,0,"DMR Genes","BTBD8",23285,"BTB domain containing 8 [Source:HGNC Symbol;Acc:HGNC:21019]","1",92080305,92184725
"287","ENSG00000189229","chr3",6673921,6674191,"chr3",6490479,6736129,0,"DMR Genes","",NA,"novel transcript","3",6490479,6736129
"288","ENSG00000196498","chr12",124390532,124390579,"chr12",124324415,124567589,0,"DMR Genes","NCOR2",9612,"nuclear receptor corepressor 2 [Source:HGNC Symbol;Acc:HGNC:7673]","12",124324415,124567589
"289","ENSG00000196628","chr18",55401318,55402076,"chr18",55222331,55664787,0,"DMR Genes","TCF4",6925,"transcription factor 4 [Source:HGNC Symbol;Acc:HGNC:11634]","18",55222331,55664787
"290","ENSG00000196924","chrX",154371126,154371177,"chrX",154348524,154374638,0,"DMR Genes","FLNA",2316,"filamin A [Source:HGNC Symbol;Acc:HGNC:3754]","X",154348524,154374638
"291","ENSG00000197182","chr22",46082038,46084050,"chr22",46053869,46113928,0,"DMR Genes","MIRLET7BHG",400931,"MIRLET7B host gene [Source:HGNC Symbol;Acc:HGNC:37189]","22",46053869,46113928
"292","ENSG00000197471","chr16",29664186,29664798,"chr16",29662979,29670876,0,"DMR Genes","SPN",6693,"sialophorin [Source:HGNC Symbol;Acc:HGNC:11249]","16",29662979,29670876
"293","ENSG00000197535","chr15",52445220,52445781,"chr15",52307283,52529050,0,"DMR Genes","MYO5A",4644,"myosin VA [Source:HGNC Symbol;Acc:HGNC:7602]","15",52307283,52529050
"294","ENSG00000197965","chr1",167724515,167725928,"chr1",167721192,167791919,0,"DMR Genes","MPZL1",9019,"myelin protein zero like 1 [Source:HGNC Symbol;Acc:HGNC:7226]","1",167721192,167791919
"295","ENSG00000198488","chr11",77040351,77040627,"chr11",77034398,77041973,0,"DMR Genes","B3GNT6",192134,"UDP-GlcNAc:betaGal beta-1,3-N-acetylglucosaminyltransferase 6 [Source:HGNC Symbol;Acc:HGNC:24141]","11",77034398,77041973
"296","ENSG00000198752","chr14",102969358,102969471,"chr14",102932379,103057462,0,"DMR Genes","CDC42BPB",9578,"CDC42 binding protein kinase beta [Source:HGNC Symbol;Acc:HGNC:1738]","14",102932379,103057462
"297","ENSG00000198944","chr5",132814585,132815076,"chr5",132813587,132816797,0,"DMR Genes","SOWAHA",134548,"sosondowah ankyrin repeat domain family member A [Source:HGNC Symbol;Acc:HGNC:27033]","5",132813587,132816797
"298","ENSG00000198973","chr2",219000973,219001477,"chr2",219001645,219001708,169,"DMR Genes","MIR375",494324,"microRNA 375 [Source:HGNC Symbol;Acc:HGNC:31868]","2",219001645,219001708
"299","ENSG00000199426","chr17",58665468,58667297,"chr17",58666537,58666697,0,"DMR Genes","RNU1-108P",NA,"RNA, U1 small nuclear 108, pseudogene [Source:HGNC Symbol;Acc:HGNC:48450]","17",58666537,58666697
"300","ENSG00000201170","chr1",245130636,245131346,"chr1",245133927,245134090,2582,"DMR Genes","RNU1-132P",NA,"RNA, U1 small nuclear 132, pseudogene [Source:HGNC Symbol;Acc:HGNC:48474]","1",245133927,245134090
"301","ENSG00000203867","chr10",110685224,110685347,"chr10",110644397,110839469,0,"DMR Genes","RBM20",282996,"RNA binding motif protein 20 [Source:HGNC Symbol;Acc:HGNC:27424]","10",110644397,110839469
"302","ENSG00000203909","chr6",73354259,73354742,"chr6",73353062,73354295,0,"DMR Genes","DPPA5",340168,"developmental pluripotency associated 5 [Source:HGNC Symbol;Acc:HGNC:19201]","6",73353062,73354295
"303","ENSG00000204754","chr5",174996841,174997164,"chr5",174919082,174995513,-1329,"DMR Genes","LINC01951",441116,"long intergenic non-protein coding RNA 1951 [Source:HGNC Symbol;Acc:HGNC:52774]","5",174919082,174995513
"304","ENSG00000204791","chr8",144049595,144050751,"chr8",144049079,144051522,0,"DMR Genes","SMPD5",392275,"sphingomyelin phosphodiesterase 5 [Source:HGNC Symbol;Acc:HGNC:52275]","8",144049079,144051522
"305","ENSG00000204929","chr2",65566774,65567772,"chr2",65436711,66084639,0,"DMR Genes","",101927533,"uncharacterized LOC105369167 [Source:NCBI gene;Acc:105369167]","2",65436711,66084639
"306","ENSG00000204929","chr2",65566774,65567772,"chr2",65436711,66084639,0,"DMR Genes","",105369167,"uncharacterized LOC105369167 [Source:NCBI gene;Acc:105369167]","2",65436711,66084639
"307","ENSG00000205899","chr17",1267017,1267589,"chr17",1270559,1271460,2971,"DMR Genes","BHLHA9",727857,"basic helix-loop-helix family member a9 [Source:HGNC Symbol;Acc:HGNC:35126]","17",1270559,1271460
"308","ENSG00000206557","chr3",32821665,32822082,"chr3",32818018,32897826,0,"DMR Genes","TRIM71",131405,"tripartite motif containing 71 [Source:HGNC Symbol;Acc:HGNC:32669]","3",32818018,32897826
"309","ENSG00000206579","chr8",55500122,55501410,"chr8",55102389,55542054,0,"DMR Genes","XKR4",114786,"XK related 4 [Source:HGNC Symbol;Acc:HGNC:29394]","8",55102389,55542054
"310","ENSG00000207691","chr7",129776783,129778590,"chr7",129774905,129775014,-1770,"DMR Genes","MIR183",406959,"microRNA 183 [Source:HGNC Symbol;Acc:HGNC:31554]","7",129774905,129775014
"311","ENSG00000207730","chr1",1161927,1163043,"chr1",1167104,1167198,4062,"DMR Genes","MIR200B",406984,"microRNA 200b [Source:HGNC Symbol;Acc:HGNC:31579]","1",1167104,1167198
"312","ENSG00000207990","chr7",129771326,129771603,"chr7",129770383,129770492,-835,"DMR Genes","MIR182",406958,"microRNA 182 [Source:HGNC Symbol;Acc:HGNC:31553]","7",129770383,129770492
"313","ENSG00000213100","chrX",45983802,45983970,"chrX",45983365,45984364,0,"DMR Genes","KRT18P68",NA,"keratin 18 pseudogene 68 [Source:HGNC Symbol;Acc:HGNC:48895]","X",45983365,45984364
"314","ENSG00000213177","chr6",100126707,100127836,"chr6",100136064,100136663,8229,"DMR Genes","PRDX2P4",NA,"peroxiredoxin 2 pseudogene 4 [Source:HGNC Symbol;Acc:HGNC:44969]","6",100136064,100136663
"315","ENSG00000213445","chr11",65646902,65646963,"chr11",65638097,65650930,0,"DMR Genes","SIPA1",6494,"signal-induced proliferation-associated 1 [Source:HGNC Symbol;Acc:HGNC:10885]","11",65638097,65650930
"316","ENSG00000214338","chr6",127475538,127476001,"chr6",127472794,127519191,0,"DMR Genes","SOGA3",387104,"SOGA family member 3 [Source:HGNC Symbol;Acc:HGNC:21494]","6",127472794,127519191
"317","ENSG00000214548","chr14",100824187,100824697,"chr14",100779410,100861031,0,"DMR Genes","MEG3",55384,"maternally expressed 3 [Source:HGNC Symbol;Acc:HGNC:14575]","14",100779410,100861031
"318","ENSG00000215421","chr18",74904973,74906112,"chr18",74597870,75065671,0,"DMR Genes","ZNF407",55628,"zinc finger protein 407 [Source:HGNC Symbol;Acc:HGNC:19904]","18",74597870,75065671
"319","ENSG00000218577","chr6",158181,158332,"chr6",167607,170631,9276,"DMR Genes","",NA,"novel Ankyrin repeat domain-containing protein pseudogene","6",167607,170631
"320","ENSG00000221866","chr7",132134705,132136686,"chr7",132123332,132648688,0,"DMR Genes","PLXNA4",91584,"plexin A4 [Source:HGNC Symbol;Acc:HGNC:9102]","7",132123332,132648688
"321","ENSG00000222852","chr5",180908696,180910349,"chr5",180909838,180909927,0,"DMR Genes","",NA,"","5",180909838,180909927
"322","ENSG00000223647","chr2",31803896,31803916,"chr2",31793823,31803980,0,"DMR Genes","LINC01946",105374449,"long intergenic non-protein coding RNA 1946 [Source:HGNC Symbol;Acc:HGNC:52770]","2",31793823,31803980
"323","ENSG00000223725","chr2",207251557,207254327,"chr2",207239864,207529795,0,"DMR Genes","",NA,"novel transcript","2",207239864,207529795
"324","ENSG00000224078","chr15",25025896,25026108,"chr15",24978583,25419462,0,"DMR Genes","SNHG14",3653,"small nucleolar RNA host gene 14 [Source:HGNC Symbol;Acc:HGNC:37462]","15",24978583,25419462
"325","ENSG00000225194","chr9",96031539,96032489,"chr9",96019732,96027965,-3575,"DMR Genes","LINC00092",100188953,"long intergenic non-protein coding RNA 92 [Source:HGNC Symbol;Acc:HGNC:31408]","9",96019724,96027993
"326","ENSG00000225194","chr9",96031539,96032489,"chr9",96019732,96027965,-3575,"DMR Genes","LINC00092",105376159,"long intergenic non-protein coding RNA 92 [Source:HGNC Symbol;Acc:HGNC:31408]","9",96019724,96027993
"327","ENSG00000225614","chr16",88429718,88430549,"chr16",88427471,88440757,0,"DMR Genes","ZNF469",84627,"zinc finger protein 469 [Source:HGNC Symbol;Acc:HGNC:23216]","16",88427471,88440757
"328","ENSG00000225637","chr21",43367517,43368107,"chr21",43363332,43366566,-952,"DMR Genes","",NA,"novel transcript","21",43363332,43366566
"329","ENSG00000225872","chr19",35796114,35796852,"chr19",35785697,35797902,0,"DMR Genes","LINC01529",644050,"long intergenic non-protein coding RNA 1529 [Source:HGNC Symbol;Acc:HGNC:51268]","19",35785697,35797902
"330","ENSG00000226258","chr3",6673921,6674191,"chr3",6631689,6805449,0,"DMR Genes","GRM7-AS3",101927347,"GRM7 antisense RNA 3 [Source:HGNC Symbol;Acc:HGNC:42444]","3",6631689,6805449
"331","ENSG00000226643","chr1",222454773,222454961,"chr1",222452738,222454705,-69,"DMR Genes","",NA,"novel transcript","1",222452738,222454705
"332","ENSG00000226816","chr7",23206379,23206562,"chr7",23205787,23208045,0,"DMR Genes","",NA,"novel transcript","7",23205787,23208045
"333","ENSG00000226823","chr9",33506637,33507236,"chr9",33503655,33510711,0,"DMR Genes","SUGT1P1",NA,"SUGT1 pseudogene 1 [Source:HGNC Symbol;Acc:HGNC:19384]","9",33503655,33510711
"334","ENSG00000226869","chr7",104777414,104778686,"chr7",104738597,104804107,0,"DMR Genes","LHFPL3-AS1",645591,"LHFPL3 antisense RNA 1 [Source:HGNC Symbol;Acc:HGNC:40341]","7",104738597,104804107
"335","ENSG00000227265","chr2",94735636,94735694,"chr2",94734655,94735844,0,"DMR Genes","",NA,"glycosyltransferase 8 domain containing 3 (GLT8D3) pseudogene","2",94734655,94735844
"336","ENSG00000227702","chr21",41691989,41692506,"chr21",41679181,41697336,0,"DMR Genes","LINC00111",54090,"long intergenic non-protein coding RNA 111 [Source:HGNC Symbol;Acc:HGNC:1262]","21",41679181,41697336
"337","ENSG00000227938","chr2",28452271,28452328,"chr2",28448167,28450184,-2088,"DMR Genes","",NA,"novel transcript","2",28448167,28450184
"338","ENSG00000230699","chr1",912876,913229,"chr1",911435,914948,0,"DMR Genes","",NA,"novel transcript","1",911435,914948
"339","ENSG00000231776","chr6",84422589,84422646,"chr6",84421028,84556152,0,"DMR Genes","LINC01611",105377880,"long intergenic non-protein coding RNA 1611 [Source:HGNC Symbol;Acc:HGNC:51791]","6",84421028,84556152
"340","ENSG00000231814","chr1",217929294,217929434,"chr1",217892900,217920804,-8491,"DMR Genes","LINC00210",100885798,"long intergenic non-protein coding RNA 210 [Source:HGNC Symbol;Acc:HGNC:37458]","1",217892900,217920804
"341","ENSG00000232386","chr15",100858005,100858909,"chr15",100849561,100861756,0,"DMR Genes","",NA,"novel transcript","15",100849561,100861756
"342","ENSG00000232396","chr22",29719161,29719632,"chr22",29705256,29719859,0,"DMR Genes","",NA,"novel transcript","22",29705256,29719859
"343","ENSG00000232612","chr7",54665011,54665099,"chr7",54656358,54656734,-8278,"DMR Genes","RPL31P35",NA,"ribosomal protein L31 pseudogene 35 [Source:HGNC Symbol;Acc:HGNC:36932]","7",54656358,54656734
"344","ENSG00000233754","chr21",42783808,42784334,"chr21",42781074,42782229,-1580,"DMR Genes","",NA,"novel transcript","21",42781074,42782229
"345","ENSG00000233792","chr1",152188737,152189565,"chr1",152124016,152196699,0,"DMR Genes","PUDPP2",NA,"pseudouridine 5'-phosphatase pseudogene 2 [Source:HGNC Symbol;Acc:HGNC:20195]","1",152124016,152196699
"346","ENSG00000234009","chr22",42770029,42770442,"chr22",42776406,42777296,5965,"DMR Genes","RPL5P34",NA,"ribosomal protein L5 pseudogene 34 [Source:HGNC Symbol;Acc:HGNC:36463]","22",42776406,42777296
"347","ENSG00000234261","chr6",14841836,14842040,"chr6",14661829,15090003,0,"DMR Genes","",NA,"novel transcript","6",14661829,15090003
"348","ENSG00000234423","chr2",3044903,3045375,"chr2",2895048,3126026,0,"DMR Genes","LINC01250",101927554,"long intergenic non-protein coding RNA 1250 [Source:HGNC Symbol;Acc:HGNC:49844]","2",2895048,3126026
"349","ENSG00000236151","chr20",24150130,24150870,"chr20",24142590,24144386,-5745,"DMR Genes","",NA,"novel transcript","20",24142590,24144386
"350","ENSG00000236687","chr9",131809446,131809832,"chr9",131816192,131820988,6361,"DMR Genes","",NA,"novel transcript","9",131816192,131820988
"351","ENSG00000237845","chr1",235943139,235943969,"chr1",235942553,235943805,0,"DMR Genes","",NA,"novel transcript","1",235942553,235943805
"352","ENSG00000237975","chr1",152188737,152189565,"chr1",152168125,152445456,0,"DMR Genes","FLG-AS1",339400,"FLG antisense RNA 1 [Source:HGNC Symbol;Acc:HGNC:27913]","1",152168125,152445456
"353","ENSG00000238213","chr13",60267520,60268302,"chr13",60274776,60276006,6475,"DMR Genes","TARDBPP2",NA,"TAR DNA binding protein pseudogene 2 [Source:HGNC Symbol;Acc:HGNC:39848]","13",60274776,60276006
"354","ENSG00000238232","chr1",219554326,219555796,"chr1",219557192,219557701,1397,"DMR Genes","",NA,"novel transcript","1",219557192,219557701
"355","ENSG00000239446","chr22",29719161,29719632,"chr22",29711820,29719714,0,"DMR Genes","",NA,"novel transcript","22",29711820,29719714
"356","ENSG00000240215","chr9",33659019,33659115,"chr9",33662166,33662663,3052,"DMR Genes","TRBV25OR9-2",NA,"T cell receptor beta variable 25/OR9-2 (pseudogene) [Source:HGNC Symbol;Acc:HGNC:12206]","9",33662166,33662663
"357","ENSG00000240246","chr3",149425929,149426360,"chr3",149433044,149433274,6685,"DMR Genes","",NA,"ribosomal protein L32 (RPL32) pseudogene","3",149433044,149433274
"358","ENSG00000241163","chr3",72102194,72103118,"chr3",72035300,72279503,0,"DMR Genes","LINC00877",285286,"long intergenic non-protein coding RNA 877 [Source:HGNC Symbol;Acc:HGNC:27706]","3",72035300,72279503
"359","ENSG00000241468","chr7",99468548,99468897,"chr7",99448475,99466331,-2218,"DMR Genes","ATP5MF",9551,"ATP synthase membrane subunit f [Source:HGNC Symbol;Acc:HGNC:848]","7",99448475,99466331
"360","ENSG00000241684","chr3",65005192,65005490,"chr3",64684909,65011468,0,"DMR Genes","ADAMTS9-AS2",100507098,"ADAMTS9 antisense RNA 2 [Source:HGNC Symbol;Acc:HGNC:42435]","3",64684909,65053439
"361","ENSG00000243902","chr22",37418657,37418684,"chr22",37339583,37427445,0,"DMR Genes","",114794,"extracellular leucine rich repeat and fibronectin type III domain containing 2 [Source:NCBI gene;Acc:114794]","22",37339583,37427445
"362","ENSG00000245025","chr8",23011508,23013185,"chr8",22984596,23019335,0,"DMR Genes","",NA,"novel transcript, antisense to RHOBTB2","8",22984596,23019335
"363","ENSG00000247516","chr5",8457582,8458159,"chr5",8450743,8463095,0,"DMR Genes","MIR4458HG",100505738,"MIR4458 host gene [Source:HGNC Symbol;Acc:HGNC:49008]","5",8450743,8463095
"364","ENSG00000248245","chr5",133220389,133220958,"chr5",133160438,133224413,0,"DMR Genes","",105379181,"uncharacterized CTB-49A3.2 [Source:NCBI gene;Acc:105379181]","5",133160438,133224413
"365","ENSG00000248373","chr4",105022262,105023043,"chr4",104907357,105120000,0,"DMR Genes","",NA,"novel transcript","4",104907357,105120000
"366","ENSG00000248517","chr4",184992313,184992371,"chr4",184988997,185005186,0,"DMR Genes","LINC02437",NA,"long intergenic non-protein coding RNA 2437 [Source:HGNC Symbol;Acc:HGNC:53369]","4",184988997,185005186
"367","ENSG00000248966","chr5",110956492,110957646,"chr5",110948029,110950780,-5713,"DMR Genes","BCLAF1P1",NA,"BCL2 associated transcription factor 1 pseudogene 1 [Source:HGNC Symbol;Acc:HGNC:51329]","5",110948029,110950780
"368","ENSG00000249743","chr5",73267067,73268204,"chr5",73213947,73294934,0,"DMR Genes","",NA,"novel transcript","5",73213947,73294934
"369","ENSG00000249771","chr4",41883213,41884295,"chr4",41883060,41894579,0,"DMR Genes","",NA,"novel transcript","4",41883060,41894579
"370","ENSG00000250039","chr4",22237409,22238974,"chr4",21949015,22330330,0,"DMR Genes","",NA,"novel transcript","4",21949015,22330330
"371","ENSG00000251209","chr15",97798758,97798945,"chr15",97572185,97874550,0,"DMR Genes","LINC00923",91948,"long intergenic non-protein coding RNA 923 [Source:HGNC Symbol;Acc:HGNC:28088]","15",97572185,97874550
"372","ENSG00000251380","chr5",135436717,135438126,"chr5",135444214,135447348,6089,"DMR Genes","DCANP1",140947,"dendritic cell associated nuclear protein [Source:HGNC Symbol;Acc:HGNC:24459]","5",135444214,135447348
"373","ENSG00000251535","chr4",335869,336342,"chr4",336258,336786,0,"DMR Genes","",NA,"pseudogene similar to part of zinc finger protein 74 (ZNF74)","4",336258,336786
"374","ENSG00000251632","chr4",137562984,137563156,"chr4",137545731,137603430,0,"DMR Genes","LINC02172",105377443,"long intergenic non-protein coding RNA 2172 [Source:HGNC Symbol;Acc:HGNC:53034]","4",137545731,137603430
"375","ENSG00000251680","chr5",129523002,129523033,"chr5",129500361,129905917,0,"DMR Genes","",NA,"novel transcript","5",129500361,129905917
"376","ENSG00000252260","chr18",77858122,77858701,"chr18",77863464,77863567,4764,"DMR Genes","RNA5SP461",NA,"RNA, 5S ribosomal pseudogene 461 [Source:HGNC Symbol;Acc:HGNC:43361]","18",77863464,77863567
"377","ENSG00000252671","chr5",10339514,10339764,"chr5",10337277,10337386,-2129,"DMR Genes","",NA,"","5",10337277,10337386
"378","ENSG00000253125","chr8",22784354,22785010,"chr8",22690150,22798616,0,"DMR Genes","",NA,"novel transcript","8",22690150,22798616
"379","ENSG00000253156","chr8",111611723,111611917,"chr8",111621458,111621797,9542,"DMR Genes","",NA,"H2A histone family, member Z (H2AFZ) pseudogene","8",111621458,111621797
"380","ENSG00000253230","chr8",9896336,9899342,"chr8",9900064,9905366,723,"DMR Genes","LINC00599",157627,"long intergenic non-protein coding RNA 599 [Source:HGNC Symbol;Acc:HGNC:27231]","8",9900064,9905366
"381","ENSG00000253508","chr7",27189331,27189956,"chr7",27186573,27193448,0,"DMR Genes","",NA,"novel transcript","7",27186573,27193448
"382","ENSG00000253553","chr8",88350603,88350777,"chr8",88326836,88737134,0,"DMR Genes","",NA,"novel transcript, antisense to MMP16","8",88326836,88887323
"383","ENSG00000253627","chr8",134252864,134253838,"chr8",134211865,134320447,0,"DMR Genes","",NA,"novel transcript","8",134211865,134320447
"384","ENSG00000253796","chr8",108891778,108892592,"chr8",108895029,109063417,2438,"DMR Genes","",NA,"novel transcript","8",108895029,109063417
"385","ENSG00000253798","chr5",157690498,157690765,"chr5",157682985,157690878,0,"DMR Genes","",NA,"SRY (sex determining region Y)-box 30 (Sox30) pseudogene","5",157682985,157690878
"386","ENSG00000254114","chr17",60851319,60851448,"chr17",60851382,60851745,0,"DMR Genes","HMGN1P28",NA,"high mobility group nucleosome binding domain 1 pseudogene 28 [Source:HGNC Symbol;Acc:HGNC:39372]","17",60851382,60851745
"387","ENSG00000254777","chr8",60961435,60962792,"chr8",60910053,60966557,0,"DMR Genes","",NA,"novel transcript","8",60910053,60966557
"388","ENSG00000255248","chr11",122186326,122187436,"chr11",122028327,122556721,0,"DMR Genes","MIR100HG",399959,"mir-100-let-7a-2-mir-125b-1 cluster host gene [Source:HGNC Symbol;Acc:HGNC:39522]","11",122028327,122556721
"389","ENSG00000255330","chr6",127475538,127476001,"chr6",127438406,127519001,0,"DMR Genes","",NA,"novel transcript","6",127438406,127519001
"390","ENSG00000255446","chr11",62428406,62429064,"chr11",62421845,62426724,-1683,"DMR Genes","",NA,"novel transcript","11",62421845,62426724
"391","ENSG00000256637","chr2",104002019,104002838,"chr2",103874310,104077778,0,"DMR Genes","LINC01965",NA,"long intergenic non-protein coding RNA 1965 [Source:HGNC Symbol;Acc:HGNC:52790]","2",103874310,104077778
"392","ENSG00000256779","chr11",95037544,95037851,"chr11",95037482,95039811,0,"DMR Genes","",NA,"serine/arginine-rich splicing factor 8 (SRSF8) pseudogene","11",95037482,95039811
"393","ENSG00000257398","chr12",107844943,107845943,"chr12",107839291,107864562,0,"DMR Genes","",NA,"novel transcript","12",107839291,107864562
"394","ENSG00000258590","chr15",20657108,20658363,"chr15",20657638,20688408,0,"DMR Genes","NBEAP1",NA,"neurobeachin pseudogene 1 [Source:HGNC Symbol;Acc:HGNC:1007]","15",20657638,20688408
"395","ENSG00000258754","chr15",94070070,94070906,"chr15",93718542,94070820,0,"DMR Genes","LINC01579",105369203,"long intergenic non-protein coding RNA 1579 [Source:HGNC Symbol;Acc:HGNC:27519]","15",93718542,94070820
"396","ENSG00000258754","chr15",94058573,94060225,"chr15",93718542,94070820,0,"DMR Genes","LINC01579",105369203,"long intergenic non-protein coding RNA 1579 [Source:HGNC Symbol;Acc:HGNC:27519]","15",93718542,94070820
"397","ENSG00000259035","chr14",81867346,81868467,"chr14",81741002,82030349,0,"DMR Genes","",NA,"novel transcript","14",81741002,82030349
"398","ENSG00000259168","chr15",27529607,27530152,"chr15",27483035,27541991,0,"DMR Genes","",NA,"novel transcript, antisense to GABRG3","15",27483035,27541991
"399","ENSG00000259268","chr15",63462905,63465090,"chr15",63456294,63469351,0,"DMR Genes","",NA,"novel transcript","15",63456294,63469351
"400","ENSG00000259724","chr15",94070070,94070906,"chr15",93905405,94107938,0,"DMR Genes","LINC01581",101927112,"long intergenic non-protein coding RNA 1581 [Source:HGNC Symbol;Acc:HGNC:51415]","15",93905405,94107938
"401","ENSG00000259724","chr15",94058573,94060225,"chr15",93905405,94107938,0,"DMR Genes","LINC01581",101927112,"long intergenic non-protein coding RNA 1581 [Source:HGNC Symbol;Acc:HGNC:51415]","15",93905405,94107938
"402","ENSG00000259989","chr16",88983500,88983635,"chr16",88984032,88995369,398,"DMR Genes","",NA,"novel transcript","16",88984032,88995369
"403","ENSG00000260170","chr15",45635751,45636644,"chr15",45587351,45676314,0,"DMR Genes","",NA,"novel protein","15",45587351,45676314
"404","ENSG00000260372","chr18",26841337,26841418,"chr18",26655742,27190698,0,"DMR Genes","AQP4-AS1",147429,"AQP4 antisense RNA 1 [Source:HGNC Symbol;Acc:HGNC:26399]","18",26655742,27190698
"405","ENSG00000260456","chr16",87140829,87141718,"chr16",87083562,87317420,0,"DMR Genes","C16orf95",100506581,"chromosome 16 open reading frame 95 [Source:HGNC Symbol;Acc:HGNC:40033]","16",87083562,87317420
"406","ENSG00000260771","chr6",168377007,168377125,"chr6",168374697,168375355,-1653,"DMR Genes","",NA,"novel transcript","6",168374697,168375355
"407","ENSG00000260889","chr16",46843889,46844584,"chr16",46842632,46844618,0,"DMR Genes","CKBP1",NA,"creatine kinase B pseudogene 1 [Source:HGNC Symbol;Acc:HGNC:1993]","16",46842632,46844618
"408","ENSG00000261236","chr8",144270839,144270962,"chr8",144262102,144291370,0,"DMR Genes","BOP1",23246,"block of proliferation 1 [Source:HGNC Symbol;Acc:HGNC:15519]","8",144262102,144291370
"409","ENSG00000263345","chr17",2378900,2379207,"chr17",2375061,2379306,0,"DMR Genes","",NA,"novel transcript, antisense to SGSM2","17",2375061,2379306
"410","ENSG00000264174","chr17",34723859,34729063,"chr17",34725509,34726170,0,"DMR Genes","",NA,"novel transcript","17",34725509,34726170
"411","ENSG00000264655","chr17",40366214,40366511,"chr17",40367952,40368438,1442,"DMR Genes","PPIAP54",NA,"peptidylprolyl isomerase A pseudogene 54 [Source:HGNC Symbol;Acc:HGNC:53678]","17",40367952,40368438
"412","ENSG00000266826","chr17",58665468,58667297,"chr17",58660424,58692018,0,"DMR Genes","",NA,"novel protein similar to immunoglobulin (CD79A) binding protein 1 IGBP1","17",58660424,58692018
"413","ENSG00000266924","chr18",79791151,79792155,"chr18",79787121,79791432,0,"DMR Genes","",NA,"novel transcript","18",79787121,79791432
"414","ENSG00000267433","chr19",29896226,29897210,"chr19",29901696,29901869,4487,"DMR Genes","",NA,"microtubule associated serine/threonine kinase 2 (MAST2) pseudogene","19",29901696,29901869
"415","ENSG00000267528","chr19",28882736,28883767,"chr19",28883430,28953245,0,"DMR Genes","",NA,"novel transcript","19",28883430,28953245
"416","ENSG00000267618","chr17",35062752,35063691,"chr17",35011349,35121493,0,"DMR Genes","",100529207,"RAD51L3-RFFL readthrough [Source:NCBI gene;Acc:100529207]","17",35011349,35121493
"417","ENSG00000267762","chr18",48686499,48687852,"chr18",48673575,48688419,0,"DMR Genes","",NA,"novel transcript, antisense to CTIF","18",48673575,48688419
"418","ENSG00000268746","chr19",47713925,47714227,"chr19",47607524,47733098,0,"DMR Genes","",NA,"novel transcript","19",47607524,47733098
"419","ENSG00000268758","chr19",6973132,6975756,"chr19",6952500,6997872,0,"DMR Genes","ADGRE4P",326342,"adhesion G protein-coupled receptor E4, pseudogene [Source:HGNC Symbol;Acc:HGNC:19240]","19",6952500,6997872
"420","ENSG00000268869","chr1",16696614,16696708,"chr1",16687339,16720157,0,"DMR Genes","ESPNP",284729,"espin pseudogene [Source:HGNC Symbol;Acc:HGNC:23285]","1",16687339,16720157
"421","ENSG00000269743","chrX",104112522,104112694,"chrX",104099214,104157027,0,"DMR Genes","SLC25A53",401612,"solute carrier family 25 member 53 [Source:HGNC Symbol;Acc:HGNC:31894]","X",104099214,104157027
"422","ENSG00000270754","chr10",65053938,65054279,"chr10",65054460,65055003,182,"DMR Genes","NEK4P3",NA,"NIMA-related kinase 4 pseudogene 3 [Source:HGNC Symbol;Acc:HGNC:39651]","10",65054460,65055003
"423","ENSG00000271231","chr6",34198248,34198388,"chr6",34189780,34191079,-7170,"DMR Genes","KRT18P9",NA,"keratin 18 pseudogene 9 [Source:HGNC Symbol;Acc:HGNC:17767]","6",34189780,34191079
"424","ENSG00000271820","chr6",170271958,170272414,"chr6",170266669,170276762,0,"DMR Genes","",285804,"uncharacterized LOC285804 [Source:NCBI gene;Acc:285804]","6",170266669,170276762
"425","ENSG00000272135","chr10",122818569,122818828,"chr10",122818816,122826449,0,"DMR Genes",NA,NA,NA,NA,NA,NA
"426","ENSG00000272154","chr5",141151091,141151268,"chr5",141100242,141174391,0,"DMR Genes","",NA,"novel transcript, antisense to PCDHB3, PCDHB4, PCDHB5, PCDHB6 and PCDHB7","5",141100242,141174391
"427","ENSG00000272438","chr1",912876,913229,"chr1",904834,915976,0,"DMR Genes","",NA,"novel transcript","1",904834,915976
"428","ENSG00000272482","chr1",12622028,12622704,"chr1",12618900,12619244,-2785,"DMR Genes","",NA,"novel transcript","1",12618900,12619244
"429","ENSG00000272808","chr15",100858005,100858909,"chr15",100849831,100865457,0,"DMR Genes","",NA,"novel transcript","15",100849831,100876836
"430","ENSG00000272970","chr3",184737996,184738573,"chr3",184734075,184738949,0,"DMR Genes","",NA,"novel transcript","3",184734075,184738949
"431","ENSG00000273312","chr10",35607477,35607961,"chr10",35604485,35608153,0,"DMR Genes","",NA,"novel transcript","10",35604485,35608153
"432","ENSG00000274209","chr10",46299278,46300041,"chr10",46286345,46330207,0,"DMR Genes","ANTXRL",195977,"ANTXR like [Source:HGNC Symbol;Acc:HGNC:27277]","10",46286345,46330207
"433","ENSG00000275305","chr20",30812351,30812834,"chr20",30816156,30816274,3323,"DMR Genes","RNA5SP528",NA,"RNA, 5S ribosomal pseudogene 528 [Source:HGNC Symbol;Acc:HGNC:53797]","20",30816156,30816274
"434","ENSG00000276122","chr12",130137157,130137622,"chr12",130138693,130140768,1072,"DMR Genes","",NA,"novel transcript","12",130138693,130140768
"435","ENSG00000276570","chr19",55228154,55228389,"chr19",55227219,55230279,0,"DMR Genes","",NA,"novel transcript","19",55227219,55230279
"436","ENSG00000277669","chr16",29664186,29664798,"chr16",29663279,29695144,0,"DMR Genes","",NA,"novel transcript","16",29663279,29695144
"437","ENSG00000278131","chr2",91589561,91589915,"chr2",91589494,91621421,0,"DMR Genes","",NA,"otopetrin 1 (OTOP1) pseudogene","2",91589494,91621421
"438","ENSG00000280025","chr22",27099669,27100186,"chr22",27102766,27107019,2581,"DMR Genes","",NA,"novel transcript","22",27102766,27107019
"439","ENSG00000280029","chr5",141151091,141151268,"chr5",141136683,141245380,0,"DMR Genes","",NA,"novel transcript, antisense to PCDHB5, PCDHB6, PCDHB7, PCDHB8, PCDHB9, PCDHB10, PCDHB11, PCDHB12, PCDHB13, PCDHB14 and PCDHB16","5",141136683,141245380
"440","ENSG00000280199","chr22",49266881,49268403,"chr22",49264201,49266080,-802,"DMR Genes","",NA,"novel transcript","22",49264201,49266080
"441","ENSG00000280237","chr11",133891862,133892402,"chr11",133896438,133901601,4037,"DMR Genes","MIR4697HG",283174,"MIR4697 host gene [Source:HGNC Symbol;Acc:HGNC:27448]","11",133896438,133901601
"442","ENSG00000283128","chr7",155576923,155577237,"chr7",155474256,155644406,0,"DMR Genes","",NA,"novel transcript","7",155474256,155644406
"443","ENSG00000283189","chr3",49421710,49422656,"chr3",49416777,49429314,0,"DMR Genes","",NA,"novel protein","3",49416777,49429314
"444","ENSG00000283518","chr1",214106661,214107758,"chr1",214051194,214187773,0,"DMR Genes","",NA,"novel transcript","1",214051194,214187773
"445","ENSG00000284413","chr1",92096789,92096922,"chr1",92080305,92150882,0,"DMR Genes",NA,NA,NA,NA,NA,NA
"446","ENSG00000284703","chr1",4017936,4018069,"chr1",4012921,4019508,0,"DMR Genes","",NA,"novel transcript","1",4012921,4019508
